1499.772	0.813	72.781	0.996
1499.748	0.563	72.739	1.265
1499.749	0.813	72.744	1.563
1499.755	0.625	72.728	1.79
1499.757	0.625	72.733	2.031
1499.763	0.625	72.744	2.265
1499.769	0.625	72.718	2.56
1499.777	0.625	72.744	2.881
1499.78		0.563	72.77	2.991
1499.782	0.625	72.739	3.291
1499.788	0.688	72.754	3.537
1499.76		0.625	72.754	3.742
1499.74		0.625	72.754	3.994
1499.755	0.625	72.754	4.226
1499.751	0.625	72.754	4.506
1499.731	0.625	72.749	4.735
1499.708	0.563	72.749	5.039
1499.708	0.625	72.754	5.352
1499.727	0.625	72.765	5.484
1499.723	0.625	72.754	5.72
1499.625	0.625	72.76	6.022
1499.613	0.625	72.749	6.351
1499.617	0.625	72.754	6.48
1499.589	0.625	72.728	6.758
1499.433	0.688	72.723	7.075
1498.987	0.75	72.686	7.216
1498.742	0.625	72.612	7.488
1498.643	0.625	72.528	7.87
1498.557	0.625	72.475	8.181
1498.495	0.625	72.433	8.553
1498.483	0.625	72.433	8.832
1498.469	0.625	72.47	8.699
1498.476	0.625	72.47	8.793
1498.452	0.625	72.481	9.119
1498.427	0.625	72.496	9.494
1498.401	0.625	72.523	9.708
1498.39		0.625	72.533	10.034
1498.264	0.688	72.554	10.447
1498.186	0.625	72.57	10.436
1498.167	0.625	72.57	10.478
1498.075	0.625	72.57	10.751
1498.016	0.625	72.581	10.954
1497.98		0.625	72.575	11.201
1497.863	0.688	72.57	11.656
1497.823	0.625	72.57	12.092
1497.807	0.688	72.586	12.259
1497.795	0.688	72.602	12.18
1497.795	0.688	72.665	12.2
1497.715	0.688	72.665	12.434
1497.656	0.625	72.691	12.756
1497.544	0.625	72.681	13.073
1497.485	0.625	72.67	13.378
1497.455	0.688	72.67	13.69
1497.423	0.625	72.691	13.953
1497.371	0.688	72.754	14.175
1497.338	0.75	72.776	14.417
1497.278	0.625	72.812	14.693
1497.115	0.688	72.828	14.924
1496.965	0.688	72.87	15.176
1496.18		0.688	72.802	15.583
1495.386	0.688	72.686	15.989
1495.141	0.75	72.507	16.201
1494.77		0.688	72.417	16.439
1494.501	0.813	72.423	16.692
1494.314	0.688	72.438	16.91
1494.245	0.688	72.423	17.153
1494.011	0.688	72.449	17.554
1493.858	0.688	72.475	17.879
1493.721	0.625	72.539	18.066
1493.675	0.688	72.66	18.305
1493.592	0.688	72.728	18.538
1493.557	0.625	72.791	18.692
1493.514	0.688	72.965	18.905
1493.497	0.688	73.018	19.146
1493.451	0.688	73.097	19.438
1493.314	0.625	73.149	19.715
1493.173	0.688	73.181	20.01
1492.942	0.688	73.213	20.265
1492.73		0.688	73.286	20.429
1492.505	0.75	73.292	20.696
1491.754	0.813	73.176	21.144
1491.234	0.688	73.076	21.506
1490.646	0.75	72.96	21.63
1490.286	0.875	72.97	21.911
1490.14		0.813	72.865	22.263
1489.827	0.813	72.77	22.665
1489.546	0.688	72.697	22.92
1489.282	0.938	72.628	23.127
1489.121	0.875	72.596	23.53
1488.887	0.875	72.37	24.001
1488.761	0.875	72.286	24.243
1488.816	0.938	72.275	24.362
1488.32		0.938	72.307	24.636
1487.184	0.938	72.075	24.869
1486.783	1.063	71.875	25.156
1486.838	0.938	71.648	25.528
1484.824	1	71.543	25.923
1484.027	0.938	71.253	26.25
1483.655	0.938	70.937	26.471
1482.991	0.875	70.632	26.738
1482.36		0.813	70.348	26.941
1482.141	0.813	70.132	27.104
1481.163	0.813	69.942	27.38
1479.943	0.813	69.731	27.764
1476.292	0.75	69.084	28.181
1474.987	0.688	68.362	28.488
1474.478	0.813	68.12	28.715
1474.084	0.75	67.604	28.947
1473.453	0.75	67.356	29.125
1473.42		0.75	67.109	29.34
1473.436	0.813	66.692	29.648
1472.036	0.813	66.313	30.036
1471.346	0.688	65.934	30.366
1470.876	0.75	65.55	30.614
1470.603	0.938	65.297	30.832
1470.461	0.813	65.007	31.11
1470.272	0.688	64.844	31.438
1469.935	0.688	64.275	31.856
1469.803	0.688	63.933	32.253
1469.463	0.688	63.717	32.58
1469.166	0.75	63.274	32.81
1469.134	0.688	63	33.075
1468.21		0.688	62.842	33.429
1467.63		0.688	62.453	33.79
1467.278	0.688	62.184	34.176
1467.101	0.75	61.831	34.431
1466.335	0.75	61.378	34.56
1466.496	0.688	61.241	34.941
1465.61		0.813	60.973	35.373
1464.858	0.938	60.778	35.618
1464.351	1.063	60.483	35.807
1463.645	1.188	60.246	36.045
1462.823	1.313	59.941	36.329
1462.51		1.25	59.619	36.669
1462.428	1.188	59.335	36.924
1462.4		1.375	59.108	37.195
1462.393	1.188	58.903	37.583
1462.357	1.25	58.729	37.888
1462.288	1.313	58.455	38.035
1462.261	1.188	58.366	38.304
1462.196	1.25	57.95	38.542
