25.146484	-1	-1	-1	-1
25.390625	-1	-1	-1	-1
25.634766	-1	-1	-1	-1
25.878906	-1	-1	-1	-1
26.123047	-1	-1	-1	-1
26.367188	-1	-1	-1	-1
26.611328	-1	-1	-1	-1
26.855469	-1	-1	-1	-1
27.099609	-1	-1	-1	-1
27.34375	-1	-1	-1	-1
27.587891	-1	-1	-1	-1
27.832031	-1	-1	-1	-1
28.076172	-1	-1	-1	-1
28.320313	-1	-1	-1	-1
28.564453	-1	-1	-1	-1
28.808594	-1	-1	-1	-1
29.052734	-1	-1	-1	-1
29.296875	-1	-1	-1	-1
29.541016	-1	-1	-1	-1
29.785156	-1	-1	-1	-1
30.029297	-1	-1	-1	-1
30.273438	-1	-1	-1	-1
30.517578	-1	-1	-1	-1
30.761719	-1	-1	-1	-1
31.005859	-1	-1	-1	-1
31.25	-1	-1	-1	-1
31.494141	-1	-1	-1	-1
31.738281	-1	-1	-1	-1
31.982422	-1	-1	-1	-1
32.226563	-1	-1	-1	-1
32.470703	-1	-1	-1	-1
32.714844	-1	-1	-1	-1
32.958984	-1	-1	-1	-1
33.203125	-1	-1	-1	-1
33.447266	-1	-1	-1	-1
33.691406	-1	-1	-1	-1
33.935547	1.4369918e-010	-1	-1	-1
34.179688	1.5240241e-010	-1	-1	-1
34.423828	1.7142804e-010	-1	-1	-1
34.667969	1.9139111e-010	-1	-1	-1
34.912109	2.1037199e-010	-1	-1	-1
35.15625	1.3507973e-010	-1	-1	-1
35.400391	2.0855408e-010	-1	-1	-1
35.644531	2.3431725e-010	-1	-1	-1
35.888672	1.9146193e-010	-1	-1	-1
36.132813	2.4036302e-010	-1	-1	-1
36.376953	2.5001236e-010	-1	-1	-1
36.621094	2.70754e-010	-1	-1	-1
36.865234	2.7122589e-010	-1	-1	-1
37.109375	2.852963e-010	-1	-1	-1
37.353516	2.9309212e-010	-1	-1	-1
37.597656	2.9501738e-010	-1	-1	-1
37.841797	3.0082707e-010	-1	-1	-1
38.085938	3.0789152e-010	-1	-1	-1
38.330078	3.1800977e-010	-1	-1	-1
38.574219	3.2830467e-010	-1	-1	-1
38.818359	3.441557e-010	-1	-1	-1
39.0625	3.6037639e-010	-1	-1	-1
39.306641	3.5401838e-010	-1	-1	-1
39.550781	3.4842556e-010	-1	-1	-1
39.794922	3.6879203e-010	-1	-1	-1
40.039063	3.9024636e-010	-1	-1	-1
40.283203	4.0612414e-010	-1	-1	-1
40.527344	4.2305646e-010	-1	-1	-1
40.771484	4.2171191e-010	-1	-1	-1
41.015625	4.1307887e-010	-1	-1	-1
41.259766	4.0918433e-010	-1	-1	-1
41.503906	4.1034549e-010	-1	-1	-1
41.748047	4.1172039e-010	-1	-1	-1
41.992188	4.1436534e-010	-1	-1	-1
42.236328	4.1753814e-010	-1	-1	-1
42.480469	4.1959457e-010	-1	-1	-1
42.724609	4.221988e-010	-1	-1	-1
42.96875	4.2602115e-010	-1	-1	-1
43.212891	4.3067996e-010	-1	-1	-1
43.457031	4.35244e-010	-1	-1	-1
43.701172	4.3796587e-010	-1	-1	-1
43.945313	4.3978227e-010	-1	-1	-1
44.189453	4.4221576e-010	-1	-1	-1
44.433594	4.3850337e-010	-1	-1	-1
44.677734	4.3402032e-010	-1	-1	-1
44.921875	4.3132195e-010	-1	-1	-1
45.166016	4.4440659e-010	-1	-1	-1
45.410156	4.6070128e-010	-1	-1	-1
45.654297	4.7670348e-010	-1	-1	-1
45.898438	4.9045199e-010	-1	-1	-1
46.142578	5.0387668e-010	-1	-1	-1
46.386719	5.1748022e-010	-1	-1	-1
46.630859	5.2403591e-010	-1	-1	-1
46.875	5.2282771e-010	-1	-1	-1
47.119141	5.2181982e-010	-1	-1	-1
47.363281	5.215037e-010	-1	-1	-1
47.607422	5.2466228e-010	-1	-1	-1
47.851563	5.2817012e-010	-1	-1	-1
48.095703	5.3226995e-010	-1	-1	-1
48.339844	5.3972341e-010	-1	-1	-1
48.583984	5.5215895e-010	-1	-1	-1
48.828125	5.6601078e-010	-1	-1	-1
49.072266	5.8119393e-010	-1	-1	-1
49.316406	5.9378642e-010	-1	-1	-1
49.560547	6.0389729e-010	-1	-1	-1
49.804688	6.1453935e-010	-1	-1	-1
50.048828	6.2588666e-010	-1	-1	-1
50.292969	6.3907863e-010	1.9988378e-010	-1	-1
50.537109	6.5453535e-010	2.6594228e-010	-1	-1
50.78125	6.7125949e-010	3.3647085e-010	-1	-1
51.025391	6.8927884e-010	4.2634392e-010	-1	-1
51.269531	7.0923104e-010	5.8055872e-010	-1	-1
51.513672	7.339662e-010	6.8179924e-010	-1	-1
51.757813	7.5026696e-010	7.6152515e-010	-1	-1
52.001953	7.6759904e-010	9.3324975e-010	-1	-1
52.246094	7.8597159e-010	1.0697832e-009	-1	-1
52.490234	8.0537668e-010	1.2374421e-009	-1	-1
52.734375	8.2578909e-010	1.449789e-009	-1	-1
52.978516	8.4716636e-010	1.5865734e-009	-1	-1
53.222656	8.694491e-010	1.6684825e-009	-1	-1
53.466797	8.925616e-010	1.6926412e-009	-1	-1
53.710938	9.1641267e-010	1.7118283e-009	-1	-1
53.955078	9.4089672e-010	1.7258084e-009	-1	-1
54.199219	9.6589507e-010	1.7343885e-009	-1	-1
54.443359	9.9127748e-010	1.7581107e-009	-1	-1
54.6875	1.0169037e-009	1.8828085e-009	-1	-1
54.931641	1.0546171e-009	1.9703298e-009	-1	-1
55.175781	1.0953065e-009	2.1339321e-009	-1	-1
55.419922	1.1325673e-009	2.2880225e-009	-1	-1
55.664063	1.1650521e-009	2.4334849e-009	-1	-1
55.908203	1.1807372e-009	2.6386435e-009	-1	-1
56.152344	1.1960335e-009	2.7692079e-009	-1	-1
56.396484	1.2111076e-009	2.8756634e-009	-1	-1
56.640625	1.2261074e-009	3.0280018e-009	-1	-1
56.884766	1.2411612e-009	3.1382123e-009	-1	-1
57.128906	1.2513431e-009	3.0944338e-009	-1	-1
57.373047	1.2594932e-009	3.1811628e-009	-1	-1
57.617188	1.2673492e-009	3.3019828e-009	-1	-1
57.861328	1.2751551e-009	3.2895942e-009	-1	-1
58.105469	1.2831252e-009	3.3800218e-009	-1	-1
58.349609	1.291885e-009	3.4043838e-009	-1	-1
58.59375	1.3056358e-009	3.4052478e-009	-1	-1
58.837891	1.3181497e-009	3.4010366e-009	-1	-1
59.082031	1.3293235e-009	3.3916233e-009	-1	-1
59.326172	1.339068e-009	3.3769115e-009	-1	-1
59.570313	1.347308e-009	3.3568395e-009	-1	-1
59.814453	1.3539844e-009	3.3913879e-009	-1	-1
60.058594	1.3595781e-009	3.4467908e-009	-1	-1
60.302734	1.3638254e-009	3.498921e-009	-1	-1
60.546875	1.3666299e-009	3.5543338e-009	-1	-1
60.791016	1.3679322e-009	3.570449e-009	-1	-1
61.035156	1.3676888e-009	3.5999751e-009	-1	-1
61.279297	1.365873e-009	3.6888078e-009	-1	-1
61.523438	1.3609589e-009	3.7153874e-009	-1	-1
61.767578	1.3514221e-009	3.7782211e-009	-1	-1
62.011719	1.3410186e-009	3.8876622e-009	-1	-1
62.255859	1.3298943e-009	3.95516e-009	-1	-1
62.5	1.318196e-009	4.0211445e-009	-1	-1
62.744141	1.3060671e-009	4.111407e-009	-1	-1
62.988281	1.2936471e-009	4.2323812e-009	-1	-1
63.232422	1.2814118e-009	4.3510565e-009	-1	-1
63.476563	1.2723645e-009	4.3590049e-009	-1	-1
63.720703	1.2628658e-009	4.415733e-009	-1	-1
63.964844	1.2528871e-009	4.405092e-009	-1	-1
64.208984	1.2424044e-009	4.3882814e-009	-1	-1
64.453125	1.2313993e-009	4.4902832e-009	-1	-1
64.697266	1.2198602e-009	4.5938967e-009	-1	-1
64.941406	1.2077831e-009	4.6649514e-009	-1	-1
65.185547	1.1945862e-009	4.7035226e-009	-1	-1
65.429688	1.1788773e-009	4.71813e-009	-1	-1
65.673828	1.1631785e-009	4.7883812e-009	-1	-1
65.917969	1.14756e-009	4.7663305e-009	-1	-1
66.162109	1.1320891e-009	4.7089095e-009	-1	-1
66.40625	1.1168297e-009	4.6677986e-009	-1	-1
66.650391	1.1018419e-009	4.6545862e-009	-1	-1
66.894531	1.0871813e-009	4.6201673e-009	-1	-1
67.138672	1.072899e-009	4.6679065e-009	-1	-1
67.382813	1.0557799e-009	4.7040314e-009	-1	-1
67.626953	1.0365647e-009	4.7281898e-009	-1	-1
67.871094	1.0182645e-009	4.7401066e-009	-1	-1
68.115234	1.0010685e-009	4.7395893e-009	-1	-1
68.359375	9.8514406e-010	4.726532e-009	-1	-1
68.603516	9.7063904e-010	4.6588282e-009	-1	-1
68.847656	9.576791e-010	4.5101341e-009	-1	-1
69.091797	9.4635905e-010	4.4428297e-009	-1	-1
69.335938	9.3674599e-010	4.4097329e-009	-1	-1
69.580078	9.2887886e-010	4.3655931e-009	-1	-1
69.824219	9.2571282e-010	4.251414e-009	-1	-1
70.068359	9.2314357e-010	4.151641e-009	-1	-1
70.3125	9.2088744e-010	4.0577749e-009	-1	-1
70.556641	9.1880761e-010	3.9217942e-009	-1	-1
70.800781	9.1677258e-010	3.8214838e-009	-1	-1
71.044922	9.1465525e-010	3.7610972e-009	-1	-1
71.289063	9.1234283e-010	3.6691443e-009	-1	-1
71.533203	9.0973038e-010	3.5955152e-009	-1	-1
71.777344	9.0672763e-010	3.5460279e-009	-1	-1
72.021484	9.0325849e-010	3.454162e-009	-1	-1
72.265625	9.0004091e-010	3.3664227e-009	-1	-1
72.509766	8.9819139e-010	3.2871366e-009	-1	-1
72.753906	8.9575475e-010	3.1995147e-009	-1	-1
72.998047	8.9261064e-010	3.1258901e-009	-1	-1
73.242188	8.8865041e-010	3.0758906e-009	-1	-1
73.486328	8.8379513e-010	3.0353833e-009	-1	-1
73.730469	8.7798268e-010	3.0013367e-009	-1	-1
73.974609	8.7118149e-010	2.9859321e-009	-1	-1
74.21875	8.6338167e-010	2.99309e-009	-1	-1
74.462891	8.5460238e-010	2.9741456e-009	-1	-1
74.707031	8.4488762e-010	2.9570948e-009	-1	-1
74.951172	8.3430786e-010	2.9161924e-009	-1	-1
75.195313	8.2304971e-010	2.8779072e-009	-1	-1
75.439453	8.1192837e-010	2.8297122e-009	-1	-1
75.683594	8.0114071e-010	2.8118274e-009	-1	-1
75.927734	7.9076218e-010	2.823468e-009	-1	-1
76.171875	7.8086715e-010	2.8096249e-009	-1	-1
76.416016	7.7152678e-010	2.7743201e-009	-1	-1
76.660156	7.628084e-010	2.7678071e-009	-1	-1
76.904297	7.5477736e-010	2.7862195e-009	-1	-1
77.148438	7.4749158e-010	2.7790374e-009	-1	-1
77.392578	7.4100593e-010	2.7616899e-009	-1	-1
77.636719	7.3537049e-010	2.7887067e-009	-1	-1
77.880859	7.3062567e-010	2.8455292e-009	-1	-1
78.125	7.268092e-010	2.8904729e-009	-1	-1
78.369141	7.2395235e-010	2.9326174e-009	-1	-1
78.613281	7.2128853e-010	2.9497456e-009	-1	-1
78.857422	7.1925397e-010	2.9305475e-009	-1	-1
79.101563	7.1815879e-010	2.9319737e-009	-1	-1
79.345703	7.1803647e-010	2.9714601e-009	-1	-1
79.589844	7.1891231e-010	3.0114511e-009	-1	-1
79.833984	7.2081009e-010	3.0309001e-009	-1	-1
80.078125	7.2374425e-010	3.0549693e-009	-1	-1
80.322266	7.2772155e-010	3.1017337e-009	-1	-1
80.566406	7.3273986e-010	3.1599832e-009	-1	-1
80.810547	7.3879254e-010	3.2034899e-009	-1	-1
81.054688	7.4586266e-010	3.2427955e-009	-1	-1
81.298828	7.5392484e-010	3.2784888e-009	-1	-1
81.542969	7.6294399e-010	3.3039788e-009	-1	-1
81.787109	7.7287854e-010	3.3095167e-009	-1	-1
82.03125	7.8367789e-010	3.3420745e-009	-1	-1
82.275391	7.9528474e-010	3.3999195e-009	2.9122685e-010	-1
82.519531	8.077462e-010	3.4895516e-009	3.6921957e-010	-1
82.763672	8.2103977e-010	3.5175759e-009	4.4757814e-010	-1
83.007813	8.3506315e-010	3.5925621e-009	5.603422e-010	-1
83.251953	8.497044e-010	3.6645795e-009	6.7666236e-010	-1
83.496094	8.6484215e-010	3.7337587e-009	8.5091635e-010	-1
83.740234	8.8034716e-010	3.7452402e-009	9.8984276e-010	-1
83.984375	8.9608358e-010	3.8084616e-009	1.1964151e-009	-1
84.228516	9.1191031e-010	3.8759716e-009	1.3886028e-009	-1
84.472656	9.2768245e-010	3.9874053e-009	1.6263733e-009	-1
84.716797	9.432528e-010	4.1046321e-009	1.879373e-009	-1
84.960938	9.5847311e-010	4.2108707e-009	2.1755195e-009	-1
85.205078	9.7319576e-010	4.2500635e-009	2.52899e-009	-1
85.449219	9.8727524e-010	4.2898052e-009	2.8922481e-009	-1
85.693359	1.0005697e-009	4.3355808e-009	3.2760154e-009	-1
85.9375	1.0129424e-009	4.3970518e-009	3.630453e-009	-1
86.181641	1.0242633e-009	4.4640184e-009	4.0297567e-009	-1
86.425781	1.0344099e-009	4.528012e-009	4.4152004e-009	-1
86.669922	1.0433792e-009	4.5783332e-009	4.8753209e-009	-1
86.914063	1.053213e-009	4.6308643e-009	5.3365593e-009	-1
87.158203	1.0617654e-009	4.6985164e-009	5.7623829e-009	-1
87.402344	1.0688804e-009	4.7961188e-009	6.252271e-009	-1
87.646484	1.0744132e-009	4.892217e-009	6.6946293e-009	-1
87.890625	1.0782325e-009	4.9787987e-009	7.1510566e-009	-1
88.134766	1.0802219e-009	5.034323e-009	7.5486545e-009	-1
88.378906	1.0802824e-009	5.0886263e-009	7.9171443e-009	-1
88.623047	1.078333e-009	5.1414368e-009	8.179488e-009	-1
88.867188	1.074313e-009	5.1826298e-009	8.4740841e-009	-1
89.111328	1.0681823e-009	5.2247876e-009	8.7417609e-009	-1
89.355469	1.0599225e-009	5.2679539e-009	8.9246521e-009	-1
89.599609	1.0495372e-009	5.3010657e-009	9.2045296e-009	-1
89.84375	1.0370526e-009	5.3271566e-009	9.4127845e-009	-1
90.087891	1.022517e-009	5.3509435e-009	9.6069324e-009	-1
90.332031	1.0060007e-009	5.3766482e-009	9.7744843e-009	-1
90.576172	9.8759543e-010	5.4169001e-009	9.81939e-009	-1
90.820313	9.6741324e-010	5.464476e-009	9.9158061e-009	-1
91.064453	9.4558551e-010	5.518177e-009	9.8893751e-009	-1
91.308594	9.2226154e-010	5.5335516e-009	9.9421672e-009	-1
91.552734	8.9760693e-010	5.5354923e-009	9.9804155e-009	-1
91.796875	8.7180175e-010	5.5348377e-009	1.0006674e-008	-1
92.041016	8.4477752e-010	5.5317622e-009	1.0020454e-008	-1
92.285156	8.1736462e-010	5.5280415e-009	1.0021377e-008	-1
92.529297	7.9001123e-010	5.5265374e-009	1.0059963e-008	-1
92.773438	7.6289257e-010	5.5272005e-009	1.0191357e-008	-1
93.017578	7.3617639e-010	5.6578847e-009	1.0294944e-008	-1
93.261719	7.1002171e-010	5.6053458e-009	1.0444324e-008	-1
93.505859	6.8457766e-010	5.4692213e-009	1.0579645e-008	-1
93.75	6.5998248e-010	5.5681423e-009	1.0710622e-008	-1
93.994141	6.3636266e-010	5.5505416e-009	1.0846099e-008	-1
94.238281	6.1383225e-010	5.4868825e-009	1.0933128e-008	-1
94.482422	5.9249229e-010	5.4677213e-009	1.0989378e-008	-1
94.726563	5.7285915e-010	5.4061712e-009	1.0852576e-008	-1
94.970703	5.5747254e-010	5.3849166e-009	1.0910477e-008	-1
95.214844	5.3759833e-010	5.3307039e-009	1.0807777e-008	-1
95.458984	5.2637982e-010	5.1721081e-009	1.0850083e-008	-1
95.703125	5.14903e-010	5.088263e-009	1.0896412e-008	-1
95.947266	4.9339678e-010	5.0023193e-009	1.0958454e-008	-1
96.191406	4.9039869e-010	4.91602e-009	1.1029181e-008	-1
96.435547	4.8032335e-010	4.8298989e-009	1.0960198e-008	-1
96.679688	4.6631365e-010	4.7415559e-009	1.0946099e-008	-1
96.923828	4.623206e-010	4.6422795e-009	1.0852031e-008	-1
97.167969	4.5847577e-010	4.5433333e-009	1.068682e-008	-1
97.412109	4.5507911e-010	4.4455085e-009	1.0481925e-008	-1
97.65625	4.5418384e-010	4.3495826e-009	1.0279643e-008	-1
97.900391	4.4983427e-010	4.2564865e-009	1.004714e-008	-1
98.144531	4.4469993e-010	4.1676127e-009	9.7811167e-009	-1
98.388672	4.459397e-010	4.0834647e-009	9.5285747e-009	-1
98.632813	4.5182784e-010	4.004405e-009	9.2893177e-009	-1
98.876953	4.5775916e-010	3.9307415e-009	9.0676103e-009	-1
99.121094	4.571412e-010	3.8553504e-009	8.9127141e-009	-1
99.365234	4.5825758e-010	3.6008344e-009	8.9034171e-009	-1
99.609375	4.6354834e-010	3.5641506e-009	8.8726836e-009	-1
99.853516	4.7775194e-010	3.5324591e-009	8.8203738e-009	-1
100.09766	4.8132496e-010	3.561121e-009	8.7464847e-009	-1
100.3418	4.8647189e-010	3.5351289e-009	8.6511576e-009	-1
100.58594	4.93084e-010	3.4914616e-009	8.5067446e-009	-1
100.83008	5.0164119e-010	3.4442451e-009	8.289954e-009	-1
101.07422	5.0661821e-010	3.3957339e-009	8.1090696e-009	-1
101.31836	5.1281543e-010	3.3634173e-009	7.9199899e-009	-1
101.5625	5.1902424e-010	3.3425286e-009	7.7184524e-009	-1
101.80664	5.251963e-010	3.2859788e-009	7.5076654e-009	-1
102.05078	5.3128545e-010	3.2691967e-009	7.2655328e-009	-1
102.29492	5.3724452e-010	3.2558669e-009	7.0550105e-009	-1
102.53906	5.4303252e-010	3.2459956e-009	6.9219146e-009	-1
102.7832	5.4861818e-010	3.2396392e-009	6.6852989e-009	-1
103.02734	5.5396273e-010	3.2474549e-009	6.501022e-009	-1
103.27148	5.5903463e-010	3.2592753e-009	6.3862776e-009	-1
103.51563	5.638107e-010	3.2735122e-009	6.2364837e-009	-1
103.75977	5.6826827e-010	3.2898701e-009	6.0696729e-009	-1
104.00391	5.723825e-010	3.3080735e-009	5.902488e-009	-1
104.24805	5.7613803e-010	3.3278169e-009	5.9072162e-009	-1
104.49219	5.7952746e-010	3.3482846e-009	5.8297168e-009	-1
104.73633	5.8253207e-010	3.37048e-009	5.6966896e-009	-1
104.98047	5.8514388e-010	3.3941236e-009	5.6715973e-009	-1
105.22461	5.8736852e-010	3.4189385e-009	5.6150335e-009	-1
105.46875	5.8919275e-010	3.4446484e-009	5.5459497e-009	-1
105.71289	5.9061623e-010	3.4709757e-009	5.4253676e-009	-1
105.95703	5.91652e-010	3.4901071e-009	5.3089577e-009	-1
106.20117	5.9229405e-010	3.5093737e-009	5.2371606e-009	-1
106.44531	5.9254739e-010	3.5447277e-009	5.1586963e-009	-1
106.68945	5.9243126e-010	3.5810716e-009	5.0801316e-009	-1
106.93359	5.9194373e-010	3.6586319e-009	4.9611977e-009	-1
107.17773	5.9109465e-010	3.6346479e-009	4.8750386e-009	-1
107.42188	5.8990738e-010	3.6504662e-009	4.8250844e-009	-1
107.66602	5.8838164e-010	3.7308864e-009	4.7384294e-009	-1
107.91016	5.8653277e-010	3.6999394e-009	4.6600537e-009	-1
108.1543	5.8438223e-010	3.7230882e-009	4.5897632e-009	-1
108.39844	5.8193311e-010	3.7626738e-009	4.5330415e-009	-1
108.64258	5.7920481e-010	3.7225281e-009	4.4954847e-009	-1
108.88672	5.7621343e-010	3.8295682e-009	4.4462554e-009	-1
109.13086	5.7296509e-010	3.7597745e-009	4.3821642e-009	-1
109.375	5.6954559e-010	3.8370345e-009	4.3664185e-009	-1
109.61914	5.6596828e-010	3.8297433e-009	4.3597852e-009	-1
109.86328	5.6210807e-010	3.7994259e-009	4.3132545e-009	-1
110.10742	5.5799044e-010	3.7660751e-009	4.2712233e-009	-1
110.35156	5.5361742e-010	3.7301829e-009	4.2359561e-009	-1
110.5957	5.4900802e-010	3.6922268e-009	4.2132212e-009	-1
110.83984	5.4417735e-010	3.6526738e-009	4.2048126e-009	-1
111.08398	5.3913098e-010	3.6119534e-009	4.1700891e-009	-1
111.32813	5.3389241e-010	3.570467e-009	4.1317774e-009	-1
111.57227	5.2846396e-010	3.5276977e-009	4.116372e-009	-1
111.81641	5.228596e-010	3.4818929e-009	4.1143509e-009	-1
112.06055	5.1709391e-010	3.4334522e-009	4.1014782e-009	-1
112.30469	5.1116829e-010	3.3827059e-009	4.0996103e-009	-1
112.54883	5.0510355e-010	3.3299913e-009	4.0782389e-009	1.8615773e-010
112.79297	4.6221541e-010	3.27566e-009	4.067081e-009	2.2970175e-010
113.03711	4.8408281e-010	3.2200575e-009	4.1257444e-009	2.7839391e-010
113.28125	4.5621622e-010	3.163533e-009	4.1814765e-009	3.3020038e-010
113.52539	4.7899741e-010	3.1109643e-009	4.166274e-009	3.8221723e-010
113.76953	4.4995489e-010	3.0619065e-009	4.1656803e-009	4.3457405e-010
114.01367	4.3401778e-010	3.0134344e-009	4.2494654e-009	4.9287581e-010
114.25781	4.4351407e-010	2.9653925e-009	4.3183424e-009	5.5731707e-010
114.50195	4.0967906e-010	2.9176087e-009	4.3683937e-009	6.3819242e-010
114.74609	4.3700165e-010	2.8698979e-009	4.409286e-009	7.2783408e-010
114.99023	4.0134693e-010	2.8220609e-009	4.4408475e-009	8.3834974e-010
115.23438	4.3056568e-010	2.7739097e-009	4.4629853e-009	9.2874379e-010
115.47852	3.9284736e-010	2.7232217e-009	4.4756846e-009	1.0780376e-009
115.72266	4.0652956e-010	2.6654594e-009	4.4790069e-009	1.1932602e-009
115.9668	3.843072e-010	2.6080488e-009	4.5014712e-009	1.3399803e-009
116.21094	3.8517582e-010	2.5510301e-009	4.5354567e-009	1.4661759e-009
116.45508	3.7592031e-010	2.4944336e-009	4.5423327e-009	1.6138887e-009
116.69922	3.6623604e-010	2.4382801e-009	4.5340631e-009	1.7419984e-009
116.94336	3.6799969e-010	2.3825836e-009	4.5416596e-009	1.872692e-009
117.1875	3.4894923e-010	2.3273524e-009	4.5631599e-009	1.9994464e-009
117.43164	3.6109194e-010	2.2725879e-009	4.5661786e-009	2.1136458e-009
117.67578	3.3306484e-010	2.2174973e-009	4.5469169e-009	2.2585909e-009
117.91992	3.4727642e-010	2.1609226e-009	4.5327924e-009	2.4057423e-009
118.16406	3.1806476e-010	2.1040344e-009	4.5252194e-009	2.5511556e-009
118.4082	3.3004362e-010	2.0469321e-009	4.5197819e-009	2.6862797e-009
118.65234	3.0375225e-010	1.9897336e-009	4.4959651e-009	2.8066418e-009
118.89648	3.1386574e-010	1.9325741e-009	4.4720274e-009	2.9294717e-009
119.14063	2.9007104e-010	1.8756047e-009	4.4679355e-009	3.0435436e-009
119.38477	3.0574187e-010	1.8189895e-009	4.47076e-009	3.1442191e-009
119.62891	2.9876167e-010	1.7629039e-009	4.4380543e-009	3.2018529e-009
119.87305	2.6371867e-010	1.7075323e-009	4.3730865e-009	3.240651e-009
120.11719	2.5758457e-010	1.6511972e-009	4.3197788e-009	3.2957211e-009
120.36133	2.5158703e-010	1.5966277e-009	4.3006405e-009	3.3166388e-009
120.60547	2.4574102e-010	1.5440353e-009	4.284223e-009	3.32964e-009
120.84961	2.4005949e-010	1.493574e-009	4.2208054e-009	3.3694796e-009
121.09375	2.3455864e-010	1.4453809e-009	4.1551103e-009	3.3112945e-009
121.33789	2.2924964e-010	1.3995733e-009	4.1180155e-009	3.3809456e-009
121.58203	2.2414975e-010	1.3562492e-009	4.1119785e-009	3.3417652e-009
121.82617	2.1926778e-010	1.3154866e-009	4.1096183e-009	3.3824358e-009
122.07031	2.1462194e-010	1.2773419e-009	4.0650113e-009	3.3853247e-009
122.31445	2.1021811e-010	1.2418394e-009	4.0235796e-009	3.3745374e-009
122.55859	2.0607528e-010	1.2076653e-009	4.0004207e-009	3.3727385e-009
122.80273	2.0219654e-010	1.175693e-009	3.9927133e-009	3.3531428e-009
123.04688	1.9859979e-010	1.1459385e-009	3.987266e-009	3.3071748e-009
123.29102	1.9528729e-010	1.1184089e-009	3.978994e-009	3.2970208e-009
123.53516	1.922731e-010	1.0931025e-009	3.9708e-009	3.2394835e-009
123.7793	1.8956047e-010	1.0700078e-009	3.9545502e-009	3.2235508e-009
124.02344	1.8715868e-010	1.0491047e-009	3.9375286e-009	3.1791042e-009
124.26758	1.8507193e-010	1.0303637e-009	3.9294231e-009	3.1503557e-009
124.51172	1.833045e-010	1.0137467e-009	3.9095921e-009	3.1436836e-009
124.75586	1.8186156e-010	9.99207e-010	3.8895971e-009	3.0946322e-009
125	1.8074226e-010	9.8891313e-010	3.8676614e-009	3.1279575e-009
125.24414	1.7995284e-010	9.841819e-010	3.8434764e-009	3.1311888e-009
125.48828	1.7948771e-010	9.8143309e-010	3.8305125e-009	3.1512671e-009
125.73242	1.7049044e-010	9.8035852e-010	3.8074763e-009	3.1843961e-009
125.97656	1.6593196e-010	9.8064482e-010	3.7769841e-009	3.2052826e-009
126.2207	1.7434921e-010	9.8197958e-010	3.7537014e-009	3.2190078e-009
126.46484	1.6714903e-010	9.8405543e-010	3.7487081e-009	3.2457121e-009
126.70898	1.7902972e-010	9.8657015e-010	3.7542041e-009	3.2660677e-009
126.95313	1.7294722e-010	9.8924274e-010	3.7668948e-009	3.2894524e-009
127.19727	1.8525095e-010	9.9180456e-010	3.7745157e-009	3.3341278e-009
127.44141	1.8731448e-010	9.9400716e-010	3.7901141e-009	3.333322e-009
127.68555	1.8966758e-010	9.9522603e-010	3.8082805e-009	3.3644637e-009
127.92969	1.8127427e-010	9.8973114e-010	3.8202891e-009	3.3812558e-009
128.17383	1.9113279e-010	9.8428249e-010	3.8408151e-009	3.3720864e-009
128.41797	1.8429327e-010	9.7891681e-010	3.8723116e-009	3.3845551e-009
128.66211	1.9481303e-010	9.7367685e-010	3.9094053e-009	3.3721476e-009
128.90625	2.0274331e-010	9.6861266e-010	3.9444712e-009	3.3817867e-009
129.15039	1.9914969e-010	9.6377888e-010	3.976097e-009	3.4351183e-009
129.39453	2.1118905e-010	9.592331e-010	4.0138305e-009	3.4905935e-009
129.63867	2.0355569e-010	9.5503409e-010	4.061742e-009	3.5422348e-009
129.88281	2.1658576e-010	9.5124002e-010	4.1049102e-009	3.5896197e-009
130.12695	2.2185035e-010	9.4790664e-010	4.1335893e-009	3.6323202e-009
130.37109	2.2195268e-010	9.4508627e-010	4.1596236e-009	3.6817513e-009
130.61523	2.3659595e-010	9.4282339e-010	4.1901557e-009	3.7097928e-009
130.85938	2.2934401e-010	9.4065473e-010	4.2314762e-009	3.7851723e-009
131.10352	2.4280164e-010	9.3806221e-010	4.2766613e-009	3.8560402e-009
131.34766	2.4915017e-010	9.3508471e-010	4.3178327e-009	3.8541776e-009
131.5918	2.4808703e-010	9.3177294e-010	4.3518965e-009	3.8712565e-009
131.83594	2.6623657e-010	9.2818988e-010	4.3920212e-009	3.8777485e-009
132.08008	2.6187419e-010	9.2440927e-010	4.4299813e-009	3.8634452e-009
132.32422	2.7191281e-010	9.2051379e-010	4.4468402e-009	3.8900099e-009
132.56836	2.8148622e-010	9.1659303e-010	4.4705807e-009	3.871046e-009
132.8125	2.7740641e-010	9.1274127e-010	4.5020848e-009	3.8261524e-009
133.05664	2.9864773e-010	9.0905509e-010	4.5689878e-009	3.8452734e-009
133.30078	2.9787048e-010	9.0563086e-010	4.64606e-009	3.8209586e-009
133.54492	3.0138542e-010	9.0256212e-010	4.7320238e-009	3.7983115e-009
133.78906	3.1778746e-010	8.999373e-010	4.7832735e-009	3.8287242e-009
134.0332	3.1637705e-010	8.9997294e-010	4.8336971e-009	3.8490493e-009
134.27734	3.3135009e-010	9.0064579e-010	4.8980084e-009	3.8786163e-009
134.52148	3.3706869e-010	9.0158936e-010	4.9768146e-009	3.9247461e-009
134.76563	3.3672306e-010	9.0274698e-010	5.062467e-009	3.9585007e-009
135.00977	3.4201815e-010	9.0405694e-010	5.1497187e-009	3.984561e-009
135.25391	3.4991218e-010	9.0545327e-010	5.2365942e-009	4.0164728e-009
135.49805	3.5791869e-010	9.0686657e-010	5.2921453e-009	4.045344e-009
135.74219	3.6604039e-010	9.08225e-010	5.3510437e-009	4.0668677e-009
135.98633	3.7426877e-010	9.0945541e-010	5.4130825e-009	4.1108234e-009
136.23047	3.8259962e-010	9.1048445e-010	5.4800574e-009	4.1594624e-009
136.47461	3.9103405e-010	9.112399e-010	5.5461845e-009	4.2024219e-009
136.71875	3.9956097e-010	9.1165194e-010	5.6077866e-009	4.2322989e-009
136.96289	4.08176e-010	9.1165448e-010	5.6625554e-009	4.2483479e-009
137.20703	4.1687647e-010	9.1118654e-010	5.655677e-009	4.2979548e-009
137.45117	4.2565011e-010	9.0965188e-010	5.6474932e-009	4.3511978e-009
137.69531	4.3449112e-010	9.0774453e-010	5.639636e-009	4.3994781e-009
137.93945	4.4339306e-010	9.0559041e-010	5.6500804e-009	4.4427819e-009
138.18359	4.5234205e-010	9.0315605e-010	5.6810576e-009	4.4810989e-009
138.42773	4.6133049e-010	9.004091e-010	5.7081959e-009	4.5144201e-009
138.67188	4.7034845e-010	8.9731927e-010	5.7314826e-009	4.59215e-009
138.91602	4.7938028e-010	8.9385939e-010	5.7327548e-009	4.5828944e-009
139.16016	4.8841643e-010	8.9000624e-010	5.7351424e-009	4.6422332e-009
139.4043	4.9744405e-010	8.8574189e-010	5.747302e-009	4.7824791e-009
139.64844	5.0644578e-010	8.8105506e-010	5.7696581e-009	4.8589587e-009
139.89258	5.1541027e-010	8.7594155e-010	5.782605e-009	4.9225107e-009
140.13672	5.2432258e-010	8.704054e-010	5.7951248e-009	5.030793e-009
140.38086	5.3316398e-010	8.6445977e-010	5.8079365e-009	5.1155178e-009
140.625	5.4192171e-010	8.5812765e-010	5.8242144e-009	5.1452619e-009
140.86914	5.5057986e-010	8.5144245e-010	5.8599253e-009	5.1635508e-009
141.11328	5.5911888e-010	8.4376483e-010	5.8996763e-009	5.1791324e-009
141.35742	5.6752524e-010	8.3532126e-010	5.9428364e-009	5.1886276e-009
141.60156	5.7578334e-010	8.2669e-010	5.9827306e-009	5.2020864e-009
141.8457	5.8387358e-010	8.1798806e-010	6.0125305e-009	5.2145389e-009
142.08984	5.9178247e-010	8.0934197e-010	6.0109778e-009	5.2084166e-009
142.33398	5.994961e-010	8.0088613e-010	6.0556628e-009	5.1598082e-009
142.57813	6.0699574e-010	7.9276092e-010	6.1103933e-009	5.1089093e-009
142.82227	6.1426877e-010	7.8511042e-010	6.1306873e-009	5.0402401e-009
143.06641	6.2130452e-010	7.7807985e-010	6.1448473e-009	4.9663564e-009
143.31055	6.2808594e-010	7.7181539e-010	6.155991e-009	4.9039811e-009
143.55469	6.3460226e-010	7.6645933e-010	6.0973899e-009	4.8680928e-009
143.79883	6.4084737e-010	7.6214842e-010	6.0862647e-009	4.8438661e-009
144.04297	6.4680683e-010	7.5901148e-010	6.0447084e-009	4.8040315e-009
144.28711	6.5247269e-010	7.5716697e-010	6.0042507e-009	4.7681705e-009
144.53125	6.5784402e-010	7.5672068e-010	5.9664975e-009	4.7674438e-009
144.77539	6.6291033e-010	7.5776353e-010	5.9367042e-009	4.7734098e-009
145.01953	6.6766787e-010	7.6038655e-010	5.9326818e-009	4.7123309e-009
145.26367	6.7211906e-010	7.6520667e-010	5.9334949e-009	4.658954e-009
145.50781	6.7626068e-010	7.7172729e-010	5.9393246e-009	4.6361386e-009
145.75195	6.8009277e-010	7.7991667e-010	5.9502865e-009	4.6139652e-009
145.99609	6.8362135e-010	7.897197e-010	5.9433652e-009	4.5574382e-009
146.24023	6.8685114e-010	8.0105916e-010	5.9297598e-009	4.5112779e-009
146.48438	-1	8.1383664e-010	5.9186011e-009	4.4653408e-009
146.72852	-1	8.2793378e-010	5.9104832e-009	4.4296485e-009
146.97266	-1	8.4321364e-010	5.9085944e-009	4.4029833e-009
147.2168	-1	8.5952069e-010	5.9217901e-009	4.3785778e-009
147.46094	-1	8.7668992e-010	5.9377243e-009	4.3458695e-009
147.70508	-1	8.9454167e-010	5.9561769e-009	4.3165061e-009
147.94922	-1	9.1288682e-010	5.9769277e-009	4.2583978e-009
148.19336	-1	9.3152944e-010	5.9965259e-009	4.2053454e-009
148.4375	-1	9.5026964e-010	6.0154374e-009	4.1675522e-009
148.68164	-1	9.6890552e-010	6.0362388e-009	4.1382721e-009
148.92578	-1	9.8723833e-010	6.0585512e-009	4.1311536e-009
149.16992	-1	1.005075e-009	6.082017e-009	4.131602e-009
149.41406	-1	1.0222291e-009	6.0983127e-009	4.132411e-009
149.6582	-1	1.0378627e-009	6.1129047e-009	4.1463995e-009
149.90234	-1	1.0527212e-009	6.1280061e-009	4.1888597e-009
150.14648	-1	1.0667217e-009	6.1433771e-009	4.2368314e-009
150.39063	-1	1.0797399e-009	6.158809e-009	4.2659295e-009
150.63477	-1	1.0916618e-009	6.1706557e-009	4.2902442e-009
150.87891	-1	1.1023859e-009	6.1768294e-009	4.3301731e-009
151.12305	-1	1.1118244e-009	6.1774747e-009	4.3834441e-009
151.36719	-1	1.1199049e-009	6.1727498e-009	4.4359584e-009
151.61133	-1	1.1265711e-009	6.1629413e-009	4.4292268e-009
151.85547	-1	1.1317851e-009	6.1475703e-009	4.4232331e-009
152.09961	-1	1.1355272e-009	6.1299953e-009	4.4113517e-009
152.34375	-1	1.1377971e-009	6.1107629e-009	4.3944117e-009
152.58789	-1	1.1386144e-009	6.0902243e-009	4.372646e-009
152.83203	-1	1.1380182e-009	6.0687919e-009	4.3462972e-009
153.07617	-1	1.136069e-009	6.0430364e-009	4.3156134e-009
153.32031	-1	1.1328469e-009	6.0194354e-009	4.3133612e-009
153.56445	-1	1.1284513e-009	6.0003539e-009	4.327866e-009
153.80859	-1	1.123e-009	5.9861236e-009	4.3344265e-009
154.05273	-1	1.1166289e-009	5.9769912e-009	4.310967e-009
154.29688	-1	1.109345e-009	5.9701425e-009	4.2860027e-009
154.54102	-1	1.0992269e-009	5.9618188e-009	4.2437288e-009
154.78516	-1	1.0885853e-009	5.9543748e-009	4.1691291e-009
155.0293	-1	1.0777027e-009	5.947839e-009	4.1014394e-009
155.27344	-1	1.06687e-009	5.9422728e-009	4.0525157e-009
155.51758	-1	1.0563865e-009	5.9370926e-009	4.0098356e-009
155.76172	-1	1.046554e-009	5.9181321e-009	3.9720838e-009
156.00586	-1	1.0376724e-009	5.9080022e-009	3.9396488e-009
156.25	-1	1.0300352e-009	5.9070483e-009	3.9092261e-009
156.49414	-1	1.0239259e-009	5.9154414e-009	3.8694687e-009
156.73828	-1	1.0196137e-009	5.9331747e-009	3.8320103e-009
156.98242	-1	1.0173479e-009	5.9497614e-009	3.7886281e-009
157.22656	-1	1.0173567e-009	5.9574167e-009	3.749707e-009
157.4707	-1	1.0198435e-009	5.9657052e-009	3.7176042e-009
157.71484	-1	1.0249828e-009	5.9747446e-009	3.6843023e-009
157.95898	-1	1.0329144e-009	5.9846546e-009	3.6470351e-009
158.20313	-1	1.0437481e-009	5.995578e-009	3.6353909e-009
158.44727	-1	1.0575591e-009	6.0119722e-009	3.6386243e-009
158.69141	-1	1.0743847e-009	6.0303289e-009	3.6350557e-009
158.93555	-1	1.0942184e-009	6.0488108e-009	3.5921587e-009
159.17969	-1	1.1170256e-009	6.0671755e-009	3.5480287e-009
159.42383	-1	1.1427312e-009	6.0852069e-009	3.5118576e-009
159.66797	-1	1.1711675e-009	6.1027014e-009	3.4811036e-009
159.91211	-1	1.2014185e-009	6.1099156e-009	3.4501979e-009
160.15625	-1	1.2336298e-009	6.1170846e-009	3.4015309e-009
160.40039	-1	1.2676073e-009	6.1259323e-009	3.3584686e-009
160.64453	-1	1.3031364e-009	6.1363632e-009	3.3197304e-009
160.88867	-1	1.3399912e-009	6.1482446e-009	3.2864282e-009
161.13281	-1	1.3779329e-009	6.1614131e-009	3.2611097e-009
161.37695	-1	1.4167092e-009	6.0176432e-009	3.2338123e-009
161.62109	-1	1.4560584e-009	6.0879684e-009	3.2124385e-009
161.86523	-1	1.4957158e-009	6.0645472e-009	3.1997749e-009
162.10938	-1	1.5354096e-009	6.0812853e-009	3.1720415e-009
162.35352	-1	1.5748684e-009	6.0890657e-009	3.1501865e-009
162.59766	-1	1.6138205e-009	6.1301549e-009	3.1331893e-009
162.8418	-1	1.6519957e-009	6.1149034e-009	3.1183449e-009
163.08594	-1	1.6891316e-009	6.1508446e-009	3.1080709e-009
163.33008	-1	1.7249735e-009	6.1863372e-009	3.1041409e-009
163.57422	-1	1.7592699e-009	6.2346188e-009	3.1070445e-009
163.81836	-1	1.7917847e-009	6.2437734e-009	3.1141668e-009
164.0625	-1	1.8223004e-009	6.2404089e-009	3.1138774e-009
164.30664	-1	1.850599e-009	6.2343874e-009	3.1170386e-009
164.55078	-1	1.8764847e-009	6.2255033e-009	3.1306183e-009
164.79492	-1	1.8997922e-009	6.2135574e-009	3.1424064e-009
165.03906	-1	1.9203484e-009	6.1983433e-009	3.1487371e-009
165.2832	-1	1.9380102e-009	6.1796546e-009	3.1513157e-009
165.52734	-1	1.9526683e-009	6.1593206e-009	3.1569655e-009
165.77148	-1	1.9662763e-009	6.1411642e-009	3.1606472e-009
166.01563	-1	1.9777605e-009	6.1246267e-009	3.160952e-009
166.25977	-1	1.9856328e-009	6.1088369e-009	3.1594747e-009
166.50391	-1	1.9897568e-009	6.0927852e-009	3.1581388e-009
166.74805	-1	1.9900287e-009	6.0753306e-009	3.1568046e-009
166.99219	-1	1.9863867e-009	6.0552106e-009	3.1319181e-009
167.23633	-1	1.9787853e-009	6.006497e-009	3.1035088e-009
167.48047	-1	1.9672158e-009	5.9447737e-009	3.0746234e-009
167.72461	-1	1.951716e-009	5.8729999e-009	3.0794445e-009
167.96875	-1	1.9323338e-009	5.7911431e-009	3.0922404e-009
168.21289	-1	1.9091573e-009	5.6993063e-009	3.1074919e-009
168.45703	-1	1.8823209e-009	5.5977199e-009	3.0961919e-009
168.70117	-1	1.8519593e-009	5.4867356e-009	3.080426e-009
168.94531	-1	1.8182516e-009	5.3796823e-009	3.0686437e-009
169.18945	-1	1.7814111e-009	5.2704344e-009	3.0578232e-009
169.43359	-1	1.7416498e-009	5.1532961e-009	3.0490955e-009
169.67773	-1	1.6992212e-009	5.0282113e-009	3.0444136e-009
169.92188	-1	1.6543951e-009	4.8952747e-009	3.0460932e-009
170.16602	-1	1.6074421e-009	4.7547084e-009	3.057741e-009
170.41016	-1	1.5586672e-009	4.6068696e-009	3.0779633e-009
170.6543	-1	1.5083707e-009	4.4464922e-009	3.0995285e-009
170.89844	-1	1.4568574e-009	4.2669896e-009	3.1085434e-009
171.14258	-1	1.4044576e-009	4.0867014e-009	3.1253655e-009
171.38672	-1	1.3514744e-009	3.9068015e-009	3.1498358e-009
171.63086	-1	1.2982236e-009	3.7284075e-009	3.1608657e-009
171.875	-1	1.2450234e-009	3.5525688e-009	3.1720356e-009
172.11914	-1	1.1921633e-009	3.3802541e-009	3.1840317e-009
172.36328	-1	1.140145e-009	3.212342e-009	3.1996532e-009
172.60742	-1	1.0902872e-009	3.0485511e-009	3.216239e-009
172.85156	-1	1.0414802e-009	2.8885847e-009	3.2320022e-009
173.0957	-1	9.9393299e-010	2.7335691e-009	3.2421087e-009
173.33984	-1	9.4783168e-010	2.5841782e-009	3.2424709e-009
173.58398	-1	9.0335211e-010	2.4410076e-009	3.2487374e-009
173.82813	-1	8.6065304e-010	2.3142768e-009	3.2613343e-009
174.07227	-1	8.1987444e-010	2.1883272e-009	3.272348e-009
174.31641	-1	7.8114073e-010	2.0629672e-009	3.2814071e-009
174.56055	-1	7.4455706e-010	1.942958e-009	3.2897609e-009
174.80469	-1	7.102112e-010	1.8376821e-009	3.29308e-009
175.04883	-1	6.7817177e-010	1.7499771e-009	3.2895749e-009
175.29297	-1	6.4849128e-010	1.6582899e-009	3.2892976e-009
175.53711	-1	6.2120169e-010	1.5746548e-009	3.2930783e-009
175.78125	-1	5.9632032e-010	1.5007129e-009	3.3263614e-009
176.02539	-1	5.7384672e-010	1.4276533e-009	3.3653304e-009
176.26953	-1	5.5376245e-010	1.3635563e-009	3.4033992e-009
176.51367	-1	5.360383e-010	1.3058666e-009	3.4337057e-009
176.75781	-1	5.2062454e-010	1.2557207e-009	3.4479741e-009
177.00195	-1	5.0746392e-010	1.2129163e-009	3.4752605e-009
177.24609	-1	4.9648337e-010	1.1772405e-009	3.5158104e-009
177.49023	-1	4.8759841e-010	1.148472e-009	3.5611179e-009
177.73438	-1	4.807182e-010	1.1263894e-009	3.6083407e-009
177.97852	-1	4.7573616e-010	1.1107732e-009	3.6628368e-009
178.22266	-1	4.7254642e-010	1.1014134e-009	3.7244299e-009
178.4668	-1	4.7103031e-010	1.0984203e-009	3.804167e-009
178.71094	-1	4.7106728e-010	1.1013786e-009	3.889822e-009
178.95508	-1	4.7253261e-010	1.1100434e-009	3.9778743e-009
179.19922	-1	4.7529697e-010	1.1241602e-009	4.0652452e-009
179.44336	-1	4.7923314e-010	1.1434626e-009	4.1253261e-009
179.6875	-1	4.8420968e-010	1.1676692e-009	4.1878944e-009
179.93164	-1	4.9009939e-010	1.1964808e-009	4.2526219e-009
180.17578	-1	4.9661666e-010	1.2295784e-009	4.3176877e-009
180.41992	-1	5.0389199e-010	1.2666219e-009	4.3775211e-009
180.66406	-1	5.1180876e-010	1.3011827e-009	4.436182e-009
180.9082	-1	5.2024961e-010	1.3381397e-009	4.4932902e-009
181.15234	-1	5.2909909e-010	1.3775298e-009	4.5466616e-009
181.39648	-1	5.3824967e-010	1.4190918e-009	4.5932938e-009
181.64063	-1	5.4759466e-010	1.4625743e-009	4.6368892e-009
181.88477	-1	5.5703751e-010	1.5077364e-009	4.6772713e-009
182.12891	-1	5.6648459e-010	1.5543517e-009	4.7142133e-009
182.37305	-1	5.7585109e-010	1.6022108e-009	4.7473981e-009
182.61719	-1	5.8505895e-010	1.6511214e-009	4.7768196e-009
182.86133	-1	5.9403556e-010	1.7061189e-009	4.80233e-009
183.10547	-1	6.0272019e-010	1.7669634e-009	4.8242655e-009
183.34961	-1	6.110522e-010	1.8284376e-009	4.8424354e-009
183.59375	-1	6.1898922e-010	1.8899595e-009	4.8549712e-009
183.83789	-1	6.2648313e-010	1.9509375e-009	4.8616213e-009
184.08203	-1	6.3350614e-010	2.0107789e-009	4.8534751e-009
184.32617	-1	6.4002586e-010	2.0688994e-009	4.7974594e-009
184.57031	-1	6.4602591e-010	2.1247329e-009	4.7426083e-009
184.81445	-1	6.5148953e-010	2.1777404e-009	4.6904122e-009
185.05859	-1	6.5640962e-010	2.2274197e-009	4.6422027e-009
185.30273	-1	6.6078389e-010	2.2689966e-009	4.6116242e-009
185.54688	-1	6.6461226e-010	2.3043184e-009	4.57738e-009
185.79102	-1	6.6790532e-010	2.3349907e-009	4.5391839e-009
186.03516	-1	6.7066767e-010	2.3609728e-009	4.4973198e-009
186.2793	-1	6.7292089e-010	2.3822993e-009	4.4569144e-009
186.52344	-1	6.7467187e-010	2.3990743e-009	4.412667e-009
186.76758	-1	6.7595108e-010	2.4114649e-009	4.3620526e-009
187.01172	-1	6.7676626e-010	2.4196917e-009	4.3051961e-009
187.25586	-1	6.7715225e-010	2.4240193e-009	4.2471055e-009
187.5	-1	6.771187e-010	2.4247447e-009	4.1930274e-009
187.74414	-1	6.7669972e-010	2.4254143e-009	4.1344062e-009
187.98828	-1	6.7590727e-010	2.4258065e-009	4.0709046e-009
188.23242	-1	6.7477223e-010	2.422272e-009	4.0022767e-009
188.47656	-1	6.7330719e-010	2.4148371e-009	3.9162815e-009
188.7207	-1	6.7169082e-010	2.4035535e-009	3.8287771e-009
188.96484	-1	6.7026647e-010	2.3884971e-009	3.7410101e-009
189.20898	-1	6.6859117e-010	2.3697662e-009	3.6530387e-009
189.45313	-1	6.6666895e-010	2.3474807e-009	3.5633015e-009
189.69727	-1	6.6450689e-010	2.3217796e-009	3.4718288e-009
189.94141	-1	6.6210592e-010	2.2928198e-009	3.3811022e-009
190.18555	-1	6.5946768e-010	2.2607735e-009	3.2910282e-009
190.42969	-1	6.5658967e-010	2.2256615e-009	3.2015053e-009
190.67383	-1	6.5346839e-010	2.1880125e-009	3.0949109e-009
190.91797	-1	6.5009799e-010	2.148053e-009	2.9823149e-009
191.16211	-1	6.4647053e-010	2.1059544e-009	2.8681722e-009
191.40625	-1	6.4257712e-010	2.0618898e-009	2.7533485e-009
191.65039	-1	6.384064e-010	2.0160325e-009	2.6387809e-009
191.89453	-1	6.3394707e-010	1.9685555e-009	2.5238209e-009
192.13867	-1	6.2918561e-010	1.9196312e-009	2.4077651e-009
192.38281	-1	6.241091e-010	1.8694315e-009	2.2915729e-009
192.62695	-1	6.1870332e-010	1.8181272e-009	2.17623e-009
192.87109	-1	6.1295468e-010	1.7658881e-009	2.0687662e-009
193.11523	-1	6.0684979e-010	1.7119688e-009	1.9773937e-009
193.35938	-1	6.0037542e-010	1.6568662e-009	1.8923801e-009
193.60352	-1	5.9352054e-010	1.6011704e-009	1.8135177e-009
193.84766	-1	5.8627327e-010	1.5451047e-009	1.7405344e-009
194.0918	-1	5.7862643e-010	1.4888953e-009	1.6704407e-009
194.33594	-1	5.7057039e-010	1.432769e-009	1.6044774e-009
194.58008	-1	5.6210314e-010	1.3769515e-009	1.545697e-009
194.82422	-1	5.5321806e-010	1.3216645e-009	1.4936357e-009
195.06836	-1	5.4391937e-010	1.2671236e-009	1.4477567e-009
195.3125	-1	5.34204e-010	1.2135364e-009	1.396817e-009
195.55664	-1	5.2408325e-010	1.1610996e-009	1.3394251e-009
195.80078	-1	5.1355783e-010	1.1100184e-009	1.2850361e-009
196.04492	-1	5.0264662e-010	1.0608959e-009	1.2337597e-009
196.28906	-1	4.913541e-010	1.0135295e-009	1.1856795e-009
196.5332	-1	4.7970689e-010	9.6800411e-010	1.14108e-009
196.77734	-1	4.6771335e-010	9.2438673e-010	1.1019783e-009
197.02148	-1	4.5540641e-010	8.8272668e-010	1.0687475e-009
197.26563	-1	4.4279984e-010	8.4305599e-010	1.0411823e-009
197.50977	-1	4.2992933e-010	8.0539007e-010	1.0190161e-009
197.75391	-1	4.168159e-010	7.6972845e-010	9.9934701e-010
197.99805	-1	4.0349621e-010	7.3605574e-010	9.7551118e-010
198.24219	-1	3.8999764e-010	7.0434269e-010	9.5295155e-010
198.48633	-1	3.7635669e-010	6.7454628e-010	9.3162336e-010
198.73047	-1	3.62606e-010	6.4661303e-010	9.1150712e-010
198.97461	-1	3.4944615e-010	6.2031295e-010	8.9260664e-010
199.21875	-1	3.3652662e-010	5.9560109e-010	8.8151162e-010
199.46289	-1	3.2358117e-010	5.724241e-010	8.7001235e-010
199.70703	-1	3.1062901e-010	5.5071006e-010	8.5796432e-010
199.95117	-1	2.9768827e-010	5.3038573e-010	8.4698149e-010
200.19531	-1	2.8477865e-010	5.1137714e-010	8.5198787e-010
200.43945	-1	2.7191852e-010	4.9361023e-010	8.1978801e-010
200.68359	-1	2.5912774e-010	4.7701043e-010	8.0831967e-010
200.92773	-1	2.4642514e-010	4.6150518e-010	7.9655474e-010
201.17188	-1	2.3383052e-010	4.4702346e-010	7.8565417e-010
201.41602	-1	2.2136324e-010	4.3349501e-010	7.7888649e-010
201.66016	-1	2.0904311e-010	4.2085135e-010	7.6943763e-010
201.9043	-1	1.9688995e-010	4.0917965e-010	7.579457e-010
202.14844	-1	1.8492359e-010	3.9983905e-010	7.4774769e-010
202.39258	-1	1.7316433e-010	3.914775e-010	7.3771514e-010
202.63672	-1	1.6163193e-010	3.8392586e-010	7.220872e-010
202.88086	-1	1.503472e-010	3.7702274e-010	7.1825952e-010
203.125	-1	1.3932978e-010	3.7061278e-010	7.2229159e-010
203.36914	-1	1.2860058e-010	3.6455036e-010	7.1853706e-010
203.61328	-1	1.1817932e-010	3.5870199e-010	7.1520322e-010
203.85742	-1	1.0808643e-010	3.5294807e-010	7.1221497e-010
204.10156	-1	9.8341752e-011	3.471841e-010	7.0546752e-010
204.3457	-1	8.896471e-011	3.4132068e-010	6.9613171e-010
204.58984	-1	7.9975034e-011	3.352873e-010	6.8726886e-010
204.83398	-1	7.1390558e-011	3.2902851e-010	6.7899979e-010
205.07813	-1	6.3230559e-011	3.2250492e-010	6.7143311e-010
205.32227	-1	5.551104e-011	3.1497259e-010	6.646655e-010
205.56641	-1	4.8249199e-011	3.0676565e-010	6.5844452e-010
205.81055	-1	4.1459729e-011	2.9823705e-010	6.5272764e-010
206.05469	-1	3.5156717e-011	2.8944098e-010	6.477206e-010
206.29883	-1	2.9352964e-011	2.8043814e-010	6.4347399e-010
206.54297	-1	2.4058828e-011	2.7129385e-010	6.4002761e-010
206.78711	-1	1.928452e-011	2.6207597e-010	6.3740887e-010
207.03125	-1	1.5036436e-011	2.5285331e-010	6.4018043e-010
207.27539	-1	1.1388663e-011	2.4369616e-010	6.4777594e-010
207.51953	-1	8.2800912e-012	2.3466951e-010	6.558952e-010
207.76367	-1	5.6830119e-012	2.2583751e-010	6.642143e-010
208.00781	-1	3.5948768e-012	2.1726119e-010	6.7240318e-010
208.25195	-1	2.011759e-012	2.0899795e-010	6.8013199e-010
208.49609	-1	9.2837091e-013	2.0110268e-010	6.8568076e-010
208.74023	-1	3.3808238e-013	1.9503681e-010	6.8716869e-010
208.98438	-1	2.3293794e-013	1.903494e-010	6.8791237e-010
209.22852	-1	6.0367468e-013	1.8603047e-010	6.8776964e-010
209.47266	-1	1.4397406e-012	1.8205304e-010	6.8661852e-010
209.7168	-1	2.7293144e-012	1.7838927e-010	6.8435983e-010
209.96094	-1	4.4593268e-012	1.75011e-010	6.8091737e-010
210.20508	-1	6.6154848e-012	1.7189035e-010	6.7305057e-010
210.44922	-1	9.1822989e-012	1.6899987e-010	6.6560492e-010
210.69336	-1	1.2143114e-011	1.6631325e-010	6.5899993e-010
210.9375	-1	1.5480145e-011	1.6380576e-010	6.5324556e-010
211.18164	-1	1.9174519e-011	1.6145504e-010	6.4832435e-010
211.42578	-1	2.3206318e-011	1.5924152e-010	6.4419142e-010
211.66992	-1	2.7554637e-011	1.5714887e-010	6.3979004e-010
211.91406	-1	3.219764e-011	1.5516454e-010	6.3353495e-010
212.1582	-1	3.7112627e-011	1.5328011e-010	6.2664198e-010
212.40234	-1	4.227611e-011	1.5110466e-010	6.1913311e-010
212.64648	-1	4.7663892e-011	1.4891133e-010	6.1104117e-010
212.89063	-1	5.3251156e-011	1.4686069e-010	6.0240901e-010
213.13477	-1	5.8964436e-011	1.4497711e-010	5.9328858e-010
213.37891	-1	6.4752184e-011	1.4328887e-010	5.8330959e-010
213.62305	-1	7.0607997e-011	1.418263e-010	5.7254995e-010
213.86719	-1	7.6502777e-011	1.4062219e-010	5.6124967e-010
214.11133	-1	8.2406652e-011	1.3970998e-010	5.4950265e-010
214.35547	-1	8.829348e-011	1.3912295e-010	5.3741283e-010
214.59961	-1	9.4136794e-011	1.3889093e-010	5.250918e-010
214.84375	-1	9.9912673e-011	1.3904052e-010	5.1265684e-010
215.08789	-1	1.0560039e-010	1.3959296e-010	5.0027758e-010
215.33203	-1	1.111782e-010	1.4056265e-010	4.8770598e-010
215.57617	-1	1.16631e-010	1.4195512e-010	4.7501658e-010
215.82031	-1	1.2194147e-010	1.4376638e-010	4.6232918e-010
216.06445	-1	1.2709707e-010	1.4600642e-010	4.4976426e-010
216.30859	-1	1.321061e-010	1.4884107e-010	4.3744099e-010
216.55273	-1	1.3698112e-010	1.5167848e-010	4.25476e-010
216.79688	-1	1.4170328e-010	-1	4.1842649e-010
217.04102	-1	1.462655e-010	-1	4.1424426e-010
217.28516	-1	1.506653e-010	-1	4.1173878e-010
217.5293	-1	1.5490153e-010	-1	4.1072585e-010
217.77344	-1	1.5897044e-010	-1	4.1099628e-010
218.01758	-1	1.6287436e-010	-1	4.1232034e-010
218.26172	-1	1.6661071e-010	-1	4.1445181e-010
218.50586	-1	1.7018017e-010	-1	4.1446857e-010
218.75	-1	1.7358432e-010	-1	4.1270351e-010
218.99414	-1	1.7682138e-010	-1	4.109713e-010
219.23828	-1	1.7989374e-010	-1	4.0917424e-010
219.48242	-1	1.8279994e-010	-1	4.0721783e-010
219.72656	-1	1.8553955e-010	-1	4.0501324e-010
219.9707	-1	1.8811288e-010	-1	4.0247973e-010
220.21484	-1	1.9051698e-010	-1	3.9910105e-010
220.45898	-1	1.9275079e-010	-1	3.9324039e-010
220.70313	-1	1.9481118e-010	-1	3.8710806e-010
220.94727	-1	1.9669463e-010	-1	3.807485e-010
221.19141	-1	1.9839757e-010	-1	3.742133e-010
221.43555	-1	-1	-1	3.6756023e-010
221.67969	-1	-1	-1	3.6085199e-010
221.92383	-1	-1	-1	3.5415484e-010
222.16797	-1	-1	-1	3.5036539e-010
222.41211	-1	-1	-1	3.4867582e-010
222.65625	-1	-1	-1	3.4687316e-010
222.90039	-1	-1	-1	3.4485938e-010
223.14453	-1	-1	-1	3.4254524e-010
223.38867	-1	-1	-1	3.3985128e-010
223.63281	-1	-1	-1	3.367094e-010
223.87695	-1	-1	-1	3.3306392e-010
224.12109	-1	-1	-1	3.2946974e-010
224.36523	-1	-1	-1	3.2512193e-010
224.60938	-1	-1	-1	3.1977228e-010
224.85352	-1	-1	-1	3.1341983e-010
225.09766	-1	-1	-1	3.0608802e-010
225.3418	-1	-1	-1	2.9782372e-010
225.58594	-1	-1	-1	2.8869588e-010
225.83008	-1	-1	-1	2.7879355e-010
226.07422	-1	-1	-1	2.6910287e-010
226.31836	-1	-1	-1	2.6019804e-010
226.5625	-1	-1	-1	2.5196039e-010
226.80664	-1	-1	-1	2.4439194e-010
227.05078	-1	-1	-1	2.3748375e-010
227.29492	-1	-1	-1	2.3121743e-010
227.53906	-1	-1	-1	2.2556658e-010
227.7832	-1	-1	-1	2.2049825e-010
228.02734	-1	-1	-1	2.1684636e-010
228.27148	-1	-1	-1	2.1468658e-010
228.51563	-1	-1	-1	2.1311519e-010
228.75977	-1	-1	-1	2.1199843e-010
229.00391	-1	-1	-1	2.1120228e-010
229.24805	-1	-1	-1	2.1059563e-010
229.49219	-1	-1	-1	2.1005307e-010
229.73633	-1	-1	-1	2.0945727e-010
229.98047	-1	-1	-1	2.08573e-010
230.22461	-1	-1	-1	2.0399126e-010
230.46875	-1	-1	-1	1.9970314e-010
230.71289	-1	-1	-1	1.9571791e-010
230.95703	-1	-1	-1	1.9203742e-010
231.20117	-1	-1	-1	1.8865618e-010
231.44531	-1	-1	-1	1.8556172e-010
231.68945	-1	-1	-1	1.8273507e-010
231.93359	-1	-1	-1	1.8015157e-010
232.17773	-1	-1	-1	1.7652258e-010
232.42188	-1	-1	-1	1.7035283e-010
232.66602	-1	-1	-1	1.6455536e-010
232.91016	-1	-1	-1	1.5921924e-010
233.1543	-1	-1	-1	1.5442452e-010
233.39844	-1	-1	-1	1.5024122e-010
233.64258	-1	-1	-1	1.4672835e-010
233.88672	-1	-1	-1	1.4393283e-010
234.13086	-1	-1	-1	1.4188848e-010
234.375	-1	-1	-1	1.4086829e-010
234.61914	-1	-1	-1	1.406919e-010
234.86328	-1	-1	-1	1.4059759e-010
235.10742	-1	-1	-1	1.4056326e-010
235.35156	-1	-1	-1	-1
235.5957	-1	-1	-1	-1
235.83984	-1	-1	-1	-1
236.08398	-1	-1	-1	-1
236.32813	-1	-1	-1	-1
236.57227	-1	-1	-1	-1
236.81641	-1	-1	-1	-1
237.06055	-1	-1	-1	-1
237.30469	-1	-1	-1	-1
237.54883	-1	-1	-1	-1
237.79297	-1	-1	-1	-1
238.03711	-1	-1	-1	-1
238.28125	-1	-1	-1	-1
238.52539	-1	-1	-1	-1
238.76953	-1	-1	-1	-1
239.01367	-1	-1	-1	-1
239.25781	-1	-1	-1	-1
239.50195	-1	-1	-1	-1
239.74609	-1	-1	-1	-1
239.99023	-1	-1	-1	-1
240.23438	-1	-1	-1	-1
240.47852	-1	-1	-1	-1
240.72266	-1	-1	-1	-1
240.9668	-1	-1	-1	-1
241.21094	-1	-1	-1	-1
241.45508	-1	-1	-1	-1
241.69922	-1	-1	-1	-1
241.94336	-1	-1	-1	-1
242.1875	-1	-1	-1	-1
242.43164	-1	-1	-1	-1
242.67578	-1	-1	-1	-1
242.91992	-1	-1	-1	-1
243.16406	-1	-1	-1	-1
243.4082	-1	-1	-1	-1
243.65234	-1	-1	-1	-1
243.89648	-1	-1	-1	-1
244.14063	-1	-1	-1	-1
244.38477	-1	-1	-1	-1
244.62891	-1	-1	-1	-1
244.87305	-1	-1	-1	-1
245.11719	-1	-1	-1	-1
245.36133	-1	-1	-1	-1
245.60547	-1	-1	-1	-1
245.84961	-1	-1	-1	-1
246.09375	-1	-1	-1	-1
246.33789	-1	-1	-1	-1
246.58203	-1	-1	-1	-1
246.82617	-1	-1	-1	-1
247.07031	-1	-1	-1	-1
247.31445	-1	-1	-1	-1
247.55859	-1	-1	-1	-1
247.80273	-1	-1	-1	-1
248.04688	-1	-1	-1	-1
248.29102	-1	-1	-1	-1
248.53516	-1	-1	-1	-1
248.7793	-1	-1	-1	-1
249.02344	-1	-1	-1	-1
249.26758	-1	-1	-1	-1
249.51172	-1	-1	-1	-1
249.75586	-1	-1	-1	-1
250	-1	-1	-1	-1
