20.019531	-1	-1	-1	-1
20.263672	-1	-1	-1	-1
20.507813	-1	-1	-1	-1
20.751953	-1	-1	-1	-1
20.996094	-1	-1	-1	-1
21.240234	-1	-1	-1	-1
21.484375	-1	-1	-1	-1
21.728516	-1	-1	-1	-1
21.972656	-1	-1	-1	-1
22.216797	-1	-1	-1	-1
22.460938	-1	-1	-1	-1
22.705078	-1	-1	-1	-1
22.949219	-1	-1	-1	-1
23.193359	-1	-1	-1	-1
23.4375	-1	-1	-1	-1
23.681641	-1	-1	-1	-1
23.925781	-1	-1	-1	-1
24.169922	-1	-1	-1	-1
24.414063	-1	-1	-1	-1
24.658203	-1	-1	-1	-1
24.902344	-1	-1	-1	-1
25.146484	-1	-1	-1	-1
25.390625	-1	-1	-1	-1
25.634766	-1	-1	-1	-1
25.878906	-1	-1	-1	-1
26.123047	-1	-1	-1	-1
26.367188	-1	-1	-1	-1
26.611328	-1	-1	-1	-1
26.855469	-1	-1	-1	-1
27.099609	3.8881534e-010	-1	-1	-1
27.34375	4.2396957e-010	-1	-1	-1
27.587891	3.876497e-010	-1	-1	-1
27.832031	4.9155401e-010	-1	-1	-1
28.076172	4.9286806e-010	-1	-1	-1
28.320313	3.7842742e-010	-1	-1	-1
28.564453	4.6573458e-010	-1	-1	-1
28.808594	5.2653729e-010	-1	-1	-1
29.052734	4.7432571e-010	-1	-1	-1
29.296875	2.7855259e-010	-1	-1	-1
29.541016	5.1246535e-010	-1	-1	-1
29.785156	5.3045766e-010	-1	-1	-1
30.029297	5.2645644e-010	-1	-1	-1
30.273438	5.9998512e-010	-1	-1	-1
30.517578	6.1721751e-010	-1	-1	-1
30.761719	6.2474438e-010	-1	-1	-1
31.005859	6.1100681e-010	-1	-1	-1
31.25	5.9203194e-010	-1	-1	-1
31.494141	5.8642153e-010	-1	-1	-1
31.738281	5.9415754e-010	-1	-1	-1
31.982422	5.9437833e-010	-1	-1	-1
32.226563	5.8928958e-010	-1	-1	-1
32.470703	5.7291586e-010	-1	-1	-1
32.714844	5.7291264e-010	-1	-1	-1
32.958984	5.8857287e-010	-1	-1	-1
33.203125	6.0436955e-010	-1	-1	-1
33.447266	6.2282541e-010	-1	-1	-1
33.691406	6.1172724e-010	-1	-1	-1
33.935547	5.9933983e-010	-1	-1	-1
34.179688	5.881586e-010	-1	-1	-1
34.423828	5.7592228e-010	-1	-1	-1
34.667969	5.723269e-010	-1	-1	-1
34.912109	5.7039612e-010	-1	-1	-1
35.15625	5.674054e-010	-1	-1	-1
35.400391	5.6769008e-010	-1	-1	-1
35.644531	5.657228e-010	-1	-1	-1
35.888672	5.6483021e-010	-1	-1	-1
36.132813	5.6259232e-010	-1	-1	-1
36.376953	5.605409e-010	-1	-1	-1
36.621094	5.5971853e-010	-1	-1	-1
36.865234	5.5718489e-010	-1	-1	-1
37.109375	5.5694054e-010	-1	-1	-1
37.353516	5.6485939e-010	-1	-1	-1
37.597656	5.7469911e-010	-1	-1	-1
37.841797	5.8359211e-010	-1	-1	-1
38.085938	5.9484321e-010	-1	-1	-1
38.330078	6.0537979e-010	-1	-1	-1
38.574219	6.106674e-010	-1	-1	-1
38.818359	6.0437907e-010	-1	-1	-1
39.0625	5.9964753e-010	-1	-1	-1
39.306641	5.9643994e-010	-1	-1	-1
39.550781	5.941213e-010	-1	-1	-1
39.794922	5.931565e-010	-1	-1	-1
40.039063	5.9434655e-010	-1	-1	-1
40.283203	5.9989471e-010	-1	-1	-1
40.527344	6.066835e-010	-1	-1	-1
40.771484	6.1509126e-010	-1	-1	-1
41.015625	6.2825096e-010	-1	-1	-1
41.259766	6.4183723e-010	-1	-1	-1
41.503906	6.558209e-010	-1	-1	-1
41.748047	6.7017041e-010	-1	-1	-1
41.992188	6.8485212e-010	-1	-1	-1
42.236328	6.9983072e-010	-1	-1	-1
42.480469	7.1506964e-010	-1	-1	-1
42.724609	7.3053149e-010	-1	-1	-1
42.96875	7.4617854e-010	-1	-1	-1
43.212891	7.619733e-010	-1	-1	-1
43.457031	7.7787903e-010	-1	-1	-1
43.701172	7.9382682e-010	-1	-1	-1
43.945313	8.0978329e-010	-1	-1	-1
44.189453	8.2528417e-010	-1	-1	-1
44.433594	8.4308876e-010	-1	-1	-1
44.677734	8.6337486e-010	-1	-1	-1
44.921875	8.8654943e-010	-1	-1	-1
45.166016	9.1281401e-010	-1	-1	-1
45.410156	9.3995675e-010	-1	-1	-1
45.654297	9.6790174e-010	-1	-1	-1
45.898438	9.9729087e-010	-1	-1	-1
46.142578	1.0328625e-009	-1	-1	-1
46.386719	1.0680486e-009	-1	-1	-1
46.630859	1.10255e-009	-1	-1	-1
46.875	1.1361259e-009	-1	-1	-1
47.119141	1.1639664e-009	-1	-1	-1
47.363281	1.1921172e-009	-1	-1	-1
47.607422	1.2228158e-009	-1	-1	-1
47.851563	1.2562357e-009	-1	-1	-1
48.095703	1.2918745e-009	-1	-1	-1
48.339844	1.3198911e-009	-1	-1	-1
48.583984	1.3523119e-009	-1	-1	-1
48.828125	1.3896329e-009	-1	-1	-1
49.072266	1.4322806e-009	-1	-1	-1
49.316406	1.4805947e-009	-1	-1	-1
49.560547	1.5326555e-009	-1	-1	-1
49.804688	1.587788e-009	3.1170635e-010	-1	-1
50.048828	1.6460176e-009	4.0401076e-010	-1	-1
50.292969	1.7073306e-009	5.650938e-010	-1	-1
50.537109	1.7716896e-009	7.7986458e-010	-1	-1
50.78125	1.8394453e-009	1.042374e-009	-1	-1
51.025391	1.9095019e-009	1.3186422e-009	-1	-1
51.269531	1.980925e-009	1.5456827e-009	-1	-1
51.513672	2.053396e-009	1.8822843e-009	-1	-1
51.757813	2.1266126e-009	2.3201728e-009	-1	-1
52.001953	2.2002498e-009	2.7032391e-009	-1	-1
52.246094	2.2734379e-009	3.0154308e-009	-1	-1
52.490234	2.3463897e-009	3.4694523e-009	-1	-1
52.734375	2.4192704e-009	3.8426334e-009	-1	-1
52.978516	2.4917227e-009	4.2323503e-009	-1	-1
53.222656	2.5633913e-009	4.7666095e-009	-1	-1
53.466797	2.633929e-009	5.2171329e-009	-1	-1
53.710938	2.7030807e-009	5.6911852e-009	-1	-1
53.955078	2.7713428e-009	6.1438897e-009	-1	-1
54.199219	2.8371992e-009	6.2950029e-009	-1	-1
54.443359	2.9002171e-009	6.5616982e-009	-1	-1
54.6875	2.9599886e-009	6.9094243e-009	-1	-1
54.931641	3.0161459e-009	7.1754878e-009	-1	-1
55.175781	3.0683554e-009	7.3979937e-009	-1	-1
55.419922	3.1163258e-009	7.6336302e-009	-1	-1
55.664063	3.1568095e-009	7.7297162e-009	-1	-1
55.908203	3.1937654e-009	7.9722433e-009	-1	-1
56.152344	3.2272803e-009	8.10613e-009	-1	-1
56.396484	3.2572239e-009	8.0841489e-009	-1	-1
56.640625	3.2834795e-009	8.0902834e-009	-1	-1
56.884766	3.3059455e-009	8.1520303e-009	-1	-1
57.128906	3.3245353e-009	7.9665262e-009	-1	-1
57.373047	3.3388396e-009	7.7121639e-009	-1	-1
57.617188	3.3424417e-009	7.6793146e-009	-1	-1
57.861328	3.3434545e-009	7.5132477e-009	-1	-1
58.105469	3.3419987e-009	7.3972573e-009	-1	-1
58.349609	3.338173e-009	7.4135123e-009	-1	-1
58.59375	3.3320521e-009	7.3891771e-009	-1	-1
58.837891	3.3236859e-009	7.1919726e-009	-1	-1
59.082031	3.3130986e-009	6.9480282e-009	-1	-1
59.326172	3.3002902e-009	6.7795984e-009	-1	-1
59.570313	3.2840167e-009	6.5895924e-009	-1	-1
59.814453	3.2609663e-009	6.428023e-009	-1	-1
60.058594	3.2343605e-009	6.3393874e-009	-1	-1
60.302734	3.1859726e-009	6.2766409e-009	-1	-1
60.546875	3.1710296e-009	6.1931603e-009	-1	-1
60.791016	3.1107124e-009	6.11291e-009	-1	-1
61.035156	3.094197e-009	6.1712558e-009	-1	-1
61.279297	3.0481699e-009	6.1730509e-009	-1	-1
61.523438	2.9949204e-009	6.1309653e-009	-1	-1
61.767578	2.9598421e-009	6.2666595e-009	-1	-1
62.011719	2.911176e-009	6.3969962e-009	-1	-1
62.255859	2.8560487e-009	6.5164572e-009	-1	-1
62.5	2.8045981e-009	6.6243441e-009	-1	-1
62.744141	2.7500633e-009	6.7200958e-009	-1	-1
62.988281	2.693581e-009	6.803292e-009	-1	-1
63.232422	2.6474756e-009	6.9147823e-009	-1	-1
63.476563	2.5726406e-009	7.0283205e-009	-1	-1
63.720703	2.5405977e-009	7.1243206e-009	-1	-1
63.964844	2.4634349e-009	7.2660632e-009	-1	-1
64.208984	2.4276258e-009	7.4336933e-009	-1	-1
64.453125	2.3302241e-009	7.6236723e-009	-1	-1
64.697266	2.3192862e-009	7.6927962e-009	-1	-1
64.941406	2.2813161e-009	7.7388449e-009	-1	-1
65.185547	2.2308626e-009	7.8565423e-009	-1	-1
65.429688	2.1815718e-009	8.1201163e-009	-1	-1
65.673828	2.133654e-009	8.2515095e-009	-1	-1
65.917969	2.0873078e-009	8.34823e-009	-1	-1
66.162109	2.042721e-009	8.4175631e-009	-1	-1
66.40625	1.9996819e-009	8.4961985e-009	-1	-1
66.650391	1.958208e-009	8.4774329e-009	-1	-1
66.894531	1.9194745e-009	8.4256093e-009	-1	-1
67.138672	1.8835841e-009	8.3748488e-009	-1	-1
67.382813	1.8506082e-009	8.3965136e-009	-1	-1
67.626953	1.8205979e-009	8.3136501e-009	-1	-1
67.871094	1.7935698e-009	8.1896708e-009	-1	-1
68.115234	1.7695123e-009	8.0955791e-009	-1	-1
68.359375	1.7483935e-009	8.0812813e-009	-1	-1
68.603516	1.7301499e-009	8.0831044e-009	-1	-1
68.847656	1.7146905e-009	8.0839757e-009	-1	-1
69.091797	1.7019103e-009	7.9991113e-009	-1	-1
69.335938	1.6916782e-009	7.9072402e-009	-1	-1
69.580078	1.6838389e-009	7.8625332e-009	-1	-1
69.824219	1.6782272e-009	7.7498977e-009	-1	-1
70.068359	1.6746623e-009	7.6001887e-009	-1	-1
70.3125	1.6729495e-009	7.4774481e-009	-1	-1
70.556641	1.6725579e-009	7.3785459e-009	-1	-1
70.800781	1.6740277e-009	7.3126567e-009	-1	-1
71.044922	1.6771605e-009	7.208914e-009	-1	-1
71.289063	1.681699e-009	7.110278e-009	-1	-1
71.533203	1.6873779e-009	6.9921942e-009	-1	-1
71.777344	1.6939245e-009	6.9137565e-009	-1	-1
72.021484	1.7010726e-009	6.8947971e-009	-1	-1
72.265625	1.7085555e-009	6.8688395e-009	-1	-1
72.509766	1.716113e-009	6.8480795e-009	-1	-1
72.753906	1.7234951e-009	6.8502776e-009	-1	-1
72.998047	1.7304643e-009	6.8715533e-009	-1	-1
73.242188	1.7367996e-009	6.8855821e-009	-1	-1
73.486328	1.7423027e-009	6.8934322e-009	-1	-1
73.730469	1.7467949e-009	6.8744215e-009	-1	-1
73.974609	1.7501218e-009	6.8720354e-009	-1	-1
74.21875	1.7521552e-009	6.8660737e-009	-1	-1
74.462891	1.7531274e-009	6.8662771e-009	-1	-1
74.707031	1.7526312e-009	6.8474185e-009	-1	-1
74.951172	1.7503535e-009	6.8306862e-009	-1	-1
75.195313	1.7402076e-009	6.7750116e-009	-1	-1
75.439453	1.7290964e-009	6.7594348e-009	-1	-1
75.683594	1.7193524e-009	6.8187036e-009	-1	-1
75.927734	1.710303e-009	6.8806835e-009	-1	-1
76.171875	1.701587e-009	6.9422387e-009	-1	-1
76.416016	1.6930083e-009	7.0221536e-009	-1	-1
76.660156	1.6844673e-009	7.0905267e-009	-1	-1
76.904297	1.6784718e-009	7.1799043e-009	-1	-1
77.148438	1.667331e-009	7.2211326e-009	-1	-1
77.392578	1.6594617e-009	7.2454973e-009	-1	-1
77.636719	1.6513009e-009	7.2841403e-009	-1	-1
77.880859	1.6393052e-009	7.3410658e-009	6.1977812e-010	-1
78.125	1.6270724e-009	7.3982382e-009	6.3147551e-010	-1
78.369141	1.6147052e-009	7.4398219e-009	6.146252e-010	-1
78.613281	1.603315e-009	7.4863131e-009	6.0153861e-010	-1
78.857422	1.6025368e-009	7.4779173e-009	5.7614472e-010	-1
79.101563	1.6005062e-009	7.4788736e-009	5.4731842e-010	-1
79.345703	1.597876e-009	7.5068703e-009	4.9348229e-010	-1
79.589844	1.5950978e-009	7.5611071e-009	4.4886445e-010	-1
79.833984	1.5925066e-009	7.6174548e-009	4.1216029e-010	-1
80.078125	1.5826609e-009	7.6266519e-009	3.8072716e-010	-1
80.322266	1.5899888e-009	7.6490578e-009	3.3894737e-010	-1
80.566406	1.5929344e-009	7.7546287e-009	3.7928488e-010	-1
80.810547	1.5970966e-009	7.9055597e-009	3.4989636e-010	-1
81.054688	1.6024371e-009	8.054859e-009	3.4900219e-010	-1
81.298828	1.6089003e-009	8.131102e-009	3.7368933e-010	-1
81.542969	1.6164134e-009	8.2131372e-009	4.7238273e-010	-1
81.787109	1.6248869e-009	8.2890223e-009	5.7902556e-010	-1
82.03125	1.634216e-009	8.3633311e-009	1.0972291e-009	-1
82.275391	1.6423277e-009	8.4446959e-009	8.9228744e-010	-1
82.519531	1.6508132e-009	8.5612339e-009	1.5946209e-009	-1
82.763672	1.6596823e-009	8.6779474e-009	2.0314484e-009	-1
83.007813	1.6688407e-009	8.778425e-009	1.4215534e-009	-1
83.251953	1.6781871e-009	8.8235638e-009	3.326586e-009	-1
83.496094	1.6876131e-009	8.8760647e-009	3.7975939e-009	-1
83.740234	1.6970058e-009	8.9132097e-009	4.3747864e-009	-1
83.984375	1.7062477e-009	8.9022201e-009	4.9226482e-009	-1
84.228516	1.715213e-009	8.8822589e-009	5.6638056e-009	-1
84.472656	1.7237753e-009	8.8723344e-009	6.3691171e-009	-1
84.716797	1.7318065e-009	8.8891699e-009	7.1547118e-009	-1
84.960938	1.7391801e-009	8.9153221e-009	7.8699992e-009	-1
85.205078	1.7457684e-009	8.9335675e-009	8.5989661e-009	-1
85.449219	1.7514421e-009	8.9378321e-009	9.3088276e-009	-1
85.693359	1.7560776e-009	8.9441827e-009	1.0031804e-008	-1
85.9375	1.7595557e-009	8.9549376e-009	1.0765429e-008	-1
86.181641	1.7617673e-009	8.9729682e-009	1.1448305e-008	-1
86.425781	1.762599e-009	8.9952821e-009	1.2237393e-008	-1
86.669922	1.7619504e-009	9.0207609e-009	1.285714e-008	-1
86.914063	1.7597296e-009	9.0510458e-009	1.3492608e-008	-1
87.158203	1.7558611e-009	9.0859275e-009	1.415317e-008	-1
87.402344	1.7218904e-009	9.1163684e-009	1.4649966e-008	-1
87.646484	1.6882842e-009	9.0664039e-009	1.512299e-008	-1
87.890625	1.7297428e-009	8.9905885e-009	1.549056e-008	-1
88.134766	1.7000351e-009	8.801057e-009	1.5794544e-008	-1
88.378906	1.6548151e-009	8.9159418e-009	1.5898218e-008	-1
88.623047	1.6809938e-009	8.8505601e-009	1.601034e-008	-1
88.867188	1.6621258e-009	8.7935997e-009	1.6049937e-008	-1
89.111328	1.6022502e-009	8.5747546e-009	1.5862158e-008	-1
89.355469	1.6165533e-009	8.6440565e-009	1.5858604e-008	-1
89.599609	1.6084684e-009	8.4248656e-009	1.565086e-008	-1
89.84375	1.534247e-009	8.4385625e-009	1.5490675e-008	-1
90.087891	1.5428036e-009	8.2685761e-009	1.5368891e-008	-1
90.332031	1.5383825e-009	8.1051864e-009	1.5205103e-008	-1
90.576172	1.4644576e-009	8.0689354e-009	1.5074028e-008	-1
90.820313	1.459022e-009	8.0433491e-009	1.482098e-008	-1
91.064453	1.4485649e-009	8.0217091e-009	1.4560841e-008	-1
91.308594	1.415889e-009	8.0026324e-009	1.4313153e-008	-1
91.552734	1.3550424e-009	7.9196095e-009	1.3969262e-008	-1
91.796875	1.3180079e-009	7.8391787e-009	1.3668992e-008	-1
92.041016	1.3010322e-009	7.7627758e-009	1.3438082e-008	-1
92.285156	1.24989e-009	7.6906995e-009	1.3109336e-008	-1
92.529297	1.2330579e-009	7.6576831e-009	1.2881314e-008	-1
92.773438	1.1922652e-009	7.6208498e-009	1.2625314e-008	-1
93.017578	1.1431723e-009	7.5774873e-009	1.260161e-008	-1
93.261719	1.1302152e-009	7.5263754e-009	1.26606e-008	-1
93.505859	1.0827443e-009	7.4548922e-009	1.2702846e-008	-1
93.75	1.0511554e-009	7.3729016e-009	1.2727818e-008	-1
93.994141	1.0229318e-009	7.2828153e-009	1.2735155e-008	-1
94.238281	9.8159118e-010	7.1843986e-009	1.2699409e-008	-1
94.482422	9.5509904e-010	7.0580222e-009	1.2626584e-008	-1
94.726563	9.2132527e-010	6.911982e-009	1.2581626e-008	-1
94.970703	8.920864e-010	6.7679762e-009	1.2531954e-008	-1
95.214844	8.6288351e-010	6.6268953e-009	1.2486154e-008	-1
95.458984	8.3615482e-010	6.4890976e-009	1.2340436e-008	-1
95.703125	8.1065051e-010	6.3439277e-009	1.2236008e-008	-1
95.947266	7.8644858e-010	6.1955177e-009	1.209966e-008	-1
96.191406	7.6361719e-010	6.0450372e-009	1.1953898e-008	-1
96.435547	7.4221698e-010	5.8937379e-009	1.1809529e-008	-1
96.679688	7.2229605e-010	5.7414413e-009	1.1604818e-008	-1
96.923828	7.0389637e-010	5.592499e-009	1.1487352e-008	-1
97.167969	6.8691203e-010	5.4510222e-009	1.1231459e-008	-1
97.412109	6.7148129e-010	5.3177369e-009	1.0972858e-008	-1
97.65625	6.5774192e-010	5.1932624e-009	1.0764456e-008	-1
97.900391	6.4569156e-010	5.0821838e-009	1.0628019e-008	-1
98.144531	6.3531677e-010	4.9827895e-009	1.0609085e-008	-1
98.388672	6.2659252e-010	4.8927395e-009	1.0563014e-008	-1
98.632813	6.1948473e-010	4.811809e-009	1.0490162e-008	-1
98.876953	6.1394711e-010	4.7397199e-009	1.0391071e-008	-1
99.121094	6.0992727e-010	4.6681217e-009	1.0266465e-008	-1
99.365234	6.0735997e-010	4.5936272e-009	1.0031838e-008	-1
99.609375	6.0617706e-010	4.5374915e-009	9.8752442e-009	-1
99.853516	6.0629751e-010	4.4945777e-009	9.6122319e-009	-1
100.09766	6.0764001e-010	4.3178187e-009	9.3916266e-009	-1
100.3418	6.1011162e-010	4.2753516e-009	9.2073288e-009	-1
100.58594	6.1362048e-010	4.288647e-009	9.0618652e-009	-1
100.83008	6.1806596e-010	4.3091987e-009	8.8294042e-009	-1
101.07422	6.2334856e-010	4.2571535e-009	8.647228e-009	-1
101.31836	6.2936375e-010	4.2295397e-009	8.4893984e-009	-1
101.5625	6.3600787e-010	4.2117043e-009	8.3288072e-009	-1
101.80664	6.4317612e-010	4.0711232e-009	8.177377e-009	-1
102.05078	6.5076392e-010	4.069881e-009	8.0143237e-009	-1
102.29492	6.5866982e-010	4.0758907e-009	7.824634e-009	-1
102.53906	6.6679124e-010	4.0890989e-009	7.7603733e-009	-1
102.7832	6.7503355e-010	4.1094934e-009	7.6521076e-009	-1
103.02734	6.8329867e-010	4.1371002e-009	7.433936e-009	-1
103.27148	6.9150192e-010	4.1759217e-009	7.4318456e-009	-1
103.51563	6.9955226e-010	4.2293603e-009	7.4104201e-009	-1
103.75977	7.0737641e-010	4.2916508e-009	7.343579e-009	-1
104.00391	7.1489361e-010	4.3623596e-009	7.3562186e-009	-1
104.24805	7.2204274e-010	4.4410112e-009	7.3630769e-009	-1
104.49219	7.2875592e-010	4.5270827e-009	7.36442e-009	-1
104.73633	7.349843e-010	4.6174979e-009	7.3605117e-009	-1
104.98047	7.4067519e-010	4.7029303e-009	7.3516102e-009	-1
105.22461	7.457913e-010	4.795695e-009	7.3502096e-009	-1
105.46875	7.5029724e-010	4.8954972e-009	7.3756814e-009	-1
105.71289	7.5416576e-010	5.0019852e-009	7.4342579e-009	-1
105.95703	7.5738055e-010	5.114733e-009	7.5250289e-009	-1
106.20117	7.5992225e-010	5.2332247e-009	7.5893758e-009	-1
106.44531	7.6179503e-010	5.3499708e-009	7.6345746e-009	-1
106.68945	7.629847e-010	5.4660181e-009	7.6294392e-009	-1
106.93359	7.6351702e-010	5.5840702e-009	7.7261086e-009	-1
107.17773	7.6338415e-010	5.7035896e-009	7.8490546e-009	-1
107.42188	7.6262096e-010	5.8240212e-009	7.8068539e-009	-1
107.66602	7.6123723e-010	5.9447772e-009	7.8152644e-009	-1
107.91016	7.5926823e-010	6.0652922e-009	7.8774258e-009	-1
108.1543	7.5674338e-010	6.1762023e-009	7.9657239e-009	-1
108.39844	7.5369375e-010	6.2828307e-009	8.0800733e-009	-1
108.64258	7.5016876e-010	6.3865122e-009	8.1338428e-009	-1
108.88672	7.4619145e-010	6.4868887e-009	8.2386267e-009	-1
109.13086	7.418302e-010	6.5836517e-009	8.3793294e-009	-1
109.375	7.3710507e-010	6.6765175e-009	8.5475732e-009	-1
109.61914	7.3207901e-010	6.7652269e-009	8.7497511e-009	-1
109.86328	7.267901e-010	6.8466926e-009	8.8587607e-009	2.4006459e-010
110.10742	7.2128485e-010	6.9202234e-009	8.9596468e-009	3.0146079e-010
110.35156	7.1561938e-010	6.9867384e-009	9.1428569e-009	3.7520859e-010
110.5957	7.0982121e-010	7.0460979e-009	9.3153809e-009	4.7346679e-010
110.83984	7.03961e-010	7.0982566e-009	9.3696961e-009	5.7820201e-010
111.08398	6.9805699e-010	7.1432354e-009	9.468254e-009	7.1689034e-010
111.32813	6.921645e-010	7.1811311e-009	9.6422556e-009	8.6435552e-010
111.57227	6.8631902e-010	7.212611e-009	9.781679e-009	1.0476392e-009
111.81641	6.8054886e-010	7.2430604e-009	9.8711606e-009	1.2345972e-009
112.06055	6.7490701e-010	7.2700299e-009	1.0005576e-008	1.4794028e-009
112.30469	6.6940053e-010	7.2932848e-009	1.0185866e-008	1.7165103e-009
112.54883	6.6407587e-010	7.3125587e-009	1.0400625e-008	2.0097721e-009
112.79297	6.5894589e-010	7.3275496e-009	1.0644449e-008	2.3290629e-009
113.03711	6.5402918e-010	7.3379346e-009	1.0875164e-008	2.6785739e-009
113.28125	6.4935708e-010	7.3433742e-009	1.1115271e-008	3.0860806e-009
113.52539	6.4492208e-010	7.3392835e-009	1.1388856e-008	3.4783485e-009
113.76953	6.4075354e-010	7.3106387e-009	1.1658335e-008	3.9740544e-009
114.01367	6.3684496e-010	7.2786512e-009	1.1912333e-008	4.4050936e-009
114.25781	6.331975e-010	7.2435995e-009	1.2149469e-008	4.9823735e-009
114.50195	6.2982556e-010	7.2057179e-009	1.2368456e-008	5.4993535e-009
114.74609	6.2670434e-010	7.1651815e-009	1.2568114e-008	6.1294883e-009
114.99023	6.2384382e-010	7.1221133e-009	1.2757684e-008	6.7482668e-009
115.23438	6.212256e-010	7.076583e-009	1.3034453e-008	7.406903e-009
115.47852	6.188302e-010	7.0286087e-009	1.3279475e-008	8.0564797e-009
115.72266	6.1666355e-010	6.9721139e-009	1.3483816e-008	8.698323e-009
115.9668	6.1468481e-010	6.9083945e-009	1.369584e-008	9.3126813e-009
116.21094	6.1288617e-010	6.8388282e-009	1.392214e-008	9.8684121e-009
116.45508	6.1124761e-010	6.7636091e-009	1.4111714e-008	1.0413962e-008
116.69922	6.0973342e-010	6.6829834e-009	1.4213369e-008	1.0942606e-008
116.94336	6.083397e-010	6.5972482e-009	1.4314374e-008	1.1419341e-008
117.1875	6.0702545e-010	6.5067443e-009	1.4418909e-008	1.1995322e-008
117.43164	6.0576526e-010	6.4118612e-009	1.4527367e-008	1.2476283e-008
117.67578	6.0454865e-010	6.3130262e-009	1.4573195e-008	1.2970079e-008
117.91992	6.0333042e-010	6.2122147e-009	1.4618191e-008	1.3118523e-008
118.16406	6.0209557e-010	6.1095075e-009	1.4668567e-008	1.3072421e-008
118.4082	6.0082e-010	6.0050935e-009	1.4734787e-008	1.3001862e-008
118.65234	5.9946746e-010	5.8992482e-009	1.4796281e-008	1.2907162e-008
118.89648	5.9812046e-010	5.792253e-009	1.4852437e-008	1.2788774e-008
119.14063	5.9677212e-010	5.6843924e-009	1.4899431e-008	1.2968892e-008
119.38477	5.9524693e-010	5.5759555e-009	1.492114e-008	1.3204806e-008
119.62891	5.9354204e-010	5.4672333e-009	1.4942814e-008	1.333924e-008
119.87305	5.9162278e-010	5.3585186e-009	1.5026188e-008	1.3385545e-008
120.11719	5.8947632e-010	5.2464956e-009	1.5116313e-008	1.3417401e-008
120.36133	5.8709922e-010	5.1324441e-009	1.5044732e-008	1.332997e-008
120.60547	5.8446631e-010	5.0201009e-009	1.491941e-008	1.3297333e-008
120.84961	5.8157473e-010	4.9098008e-009	1.4856878e-008	1.3175496e-008
121.09375	5.7842189e-010	4.8018547e-009	1.4884022e-008	1.3105965e-008
121.33789	5.7499308e-010	4.6965474e-009	1.4900768e-008	1.3044156e-008
121.58203	5.7129497e-010	4.5941249e-009	1.4770189e-008	1.2939402e-008
121.82617	5.6732748e-010	4.4948046e-009	1.4660299e-008	1.2894439e-008
122.07031	5.6308582e-010	4.3974699e-009	1.4552552e-008	1.2782453e-008
122.31445	5.5858546e-010	4.2994789e-009	1.4437422e-008	1.2615886e-008
122.55859	5.538298e-010	4.2089889e-009	1.43231e-008	1.2478693e-008
122.80273	5.4882289e-010	4.130607e-009	1.4214942e-008	1.2191656e-008
123.04688	5.4358766e-010	4.0308668e-009	1.4124589e-008	1.1898217e-008
123.29102	5.3813142e-010	3.962e-009	1.398702e-008	1.1789732e-008
123.53516	5.3246544e-010	3.8961046e-009	1.3829534e-008	1.1704164e-008
123.7793	5.2661836e-010	3.8267064e-009	1.3694064e-008	1.1601691e-008
124.02344	5.2060131e-010	3.7546668e-009	1.3580589e-008	1.1482582e-008
124.26758	5.1443085e-010	3.6581038e-009	1.3478357e-008	1.1347259e-008
124.51172	5.0813922e-010	3.5940479e-009	1.3345013e-008	1.1148651e-008
124.75586	5.0174094e-010	3.5410834e-009	1.3178112e-008	1.1011914e-008
125	4.9525568e-010	3.491541e-009	1.3027056e-008	1.0893816e-008
125.24414	4.8871707e-010	3.4454363e-009	1.2923092e-008	1.0807348e-008
125.48828	4.8214235e-010	3.3504486e-009	1.2824142e-008	1.0749424e-008
125.73242	4.7555207e-010	3.2962688e-009	1.2709652e-008	1.0621111e-008
125.97656	4.6897908e-010	3.2430809e-009	1.2535951e-008	1.0526664e-008
126.2207	4.6244255e-010	3.1906391e-009	1.2379338e-008	1.0421471e-008
126.46484	4.5596177e-010	3.1387194e-009	1.2227355e-008	1.030964e-008
126.70898	4.4956686e-010	3.0871218e-009	1.2064163e-008	1.0207745e-008
126.95313	4.4327809e-010	3.0356737e-009	1.1903775e-008	1.0151213e-008
127.19727	4.3711168e-010	2.984231e-009	1.177623e-008	9.9594849e-009
127.44141	4.310933e-010	2.9317903e-009	1.1676746e-008	9.8472692e-009
127.68555	4.2524364e-010	2.8753236e-009	1.158865e-008	9.7358457e-009
127.92969	4.1957437e-010	2.8202335e-009	1.144878e-008	9.5062462e-009
128.17383	4.1410539e-010	2.7665154e-009	1.1314385e-008	9.4477018e-009
128.41797	4.0885737e-010	2.7141639e-009	1.1200172e-008	9.2915366e-009
128.66211	4.0383631e-010	2.6631688e-009	1.1072572e-008	9.1324867e-009
128.90625	3.9905544e-010	2.613515e-009	1.0953323e-008	9.0311719e-009
129.15039	3.9453525e-010	2.5651818e-009	1.084377e-008	8.8102302e-009
129.39453	3.902754e-010	2.518143e-009	1.0735498e-008	8.6602846e-009
129.63867	3.8628405e-010	2.4723663e-009	1.0641597e-008	8.6828505e-009
129.88281	3.8257544e-010	2.4278137e-009	1.0558777e-008	8.7288045e-009
130.12695	3.7914878e-010	2.3844411e-009	1.0427113e-008	8.7614226e-009
130.37109	3.7600563e-010	2.3421988e-009	1.0305071e-008	8.7801847e-009
130.61523	3.7315265e-010	2.298309e-009	1.0192684e-008	8.7846283e-009
130.85938	3.705904e-010	2.251324e-009	1.0048323e-008	8.7108749e-009
131.10352	3.6831362e-010	2.2046134e-009	9.9141043e-009	8.5614222e-009
131.34766	3.6632179e-010	2.1583055e-009	9.7906419e-009	8.5041557e-009
131.5918	3.6461741e-010	2.1125329e-009	9.6596579e-009	8.4024491e-009
131.83594	3.6318895e-010	2.0674308e-009	9.5310974e-009	8.2333593e-009
132.08008	3.6203107e-010	2.0231332e-009	9.4069616e-009	8.118458e-009
132.32422	3.611437e-010	1.9797707e-009	9.2954725e-009	7.9288983e-009
132.56836	3.6051495e-010	1.9374677e-009	9.1998022e-009	7.6919731e-009
132.8125	3.601351e-010	1.89634e-009	9.1179358e-009	7.5001514e-009
133.05664	3.599982e-010	1.8564917e-009	9.0123128e-009	7.3213764e-009
133.30078	3.6009683e-010	1.8180139e-009	8.8863259e-009	7.1578994e-009
133.54492	3.6041638e-010	1.7809817e-009	8.7697496e-009	7.0201956e-009
133.78906	3.6094658e-010	1.7454529e-009	8.6804382e-009	6.9147802e-009
134.0332	3.6168301e-010	1.7127146e-009	8.6435446e-009	6.8203064e-009
134.27734	3.6260909e-010	1.6810918e-009	8.6116082e-009	6.6689094e-009
134.52148	3.6371301e-010	1.6499105e-009	8.5823333e-009	6.565522e-009
134.76563	3.6498605e-010	1.6191376e-009	8.5002498e-009	6.5017467e-009
135.00977	3.6641818e-010	1.5887442e-009	8.4313474e-009	6.4080676e-009
135.25391	3.6799409e-010	1.5587059e-009	8.3782764e-009	6.3425257e-009
135.49805	3.6970251e-010	1.5290025e-009	8.3458063e-009	6.2968352e-009
135.74219	3.7153718e-010	1.4996177e-009	8.3196563e-009	6.2352839e-009
135.98633	3.7348288e-010	1.4705391e-009	8.2893859e-009	6.1501092e-009
136.23047	3.7552771e-010	1.4417579e-009	8.2494381e-009	6.0121226e-009
136.47461	3.7766226e-010	1.4132689e-009	8.1656095e-009	5.904845e-009
136.71875	3.7987882e-010	1.3850696e-009	8.0854564e-009	5.8210664e-009
136.96289	3.8216282e-010	1.3571605e-009	8.0086372e-009	5.7381984e-009
137.20703	3.8450423e-010	1.3295446e-009	7.9276998e-009	5.6605328e-009
137.45117	3.8689621e-010	1.302227e-009	7.8404526e-009	5.5925219e-009
137.69531	3.8932822e-010	1.2759109e-009	7.7517743e-009	5.5788046e-009
137.93945	3.9178883e-010	1.2500605e-009	7.6615157e-009	5.5450872e-009
138.18359	3.9426901e-010	1.2245391e-009	7.5050488e-009	5.4352769e-009
138.42773	3.967641e-010	1.1993111e-009	7.3535204e-009	5.3911385e-009
138.67188	3.9926172e-010	1.174344e-009	7.2138874e-009	5.4157712e-009
138.91602	4.0175302e-010	1.1496083e-009	7.0942974e-009	5.4473454e-009
139.16016	4.0423047e-010	1.1250785e-009	7.000919e-009	5.4705288e-009
139.4043	4.0668916e-010	1.1007331e-009	6.9082427e-009	5.4850252e-009
139.64844	4.0911752e-010	1.0765567e-009	6.8162115e-009	5.4905597e-009
139.89258	4.1150792e-010	1.0525388e-009	6.7188871e-009	5.4868871e-009
140.13672	4.1385439e-010	1.0286751e-009	6.6249623e-009	5.4735051e-009
140.38086	4.1615077e-010	1.0049675e-009	6.5438262e-009	5.4392554e-009
140.625	4.1838722e-010	9.8142479e-010	6.4750448e-009	5.4548241e-009
140.86914	4.2055669e-010	9.5806225e-010	6.389774e-009	5.4688282e-009
141.11328	4.2265432e-010	9.3490222e-010	6.2890439e-009	5.4084427e-009
141.35742	4.2467325e-010	9.1197378e-010	6.1869578e-009	5.3363696e-009
141.60156	4.2660489e-010	8.8899017e-010	6.0842972e-009	5.2525481e-009
141.8457	4.2844275e-010	8.6641797e-010	6.0138326e-009	5.1531361e-009
142.08984	4.3018285e-010	8.4445572e-010	5.955961e-009	5.0452055e-009
142.33398	4.3181816e-010	8.2314027e-010	5.8967026e-009	4.9362874e-009
142.57813	4.3334116e-010	8.0250834e-010	5.8351482e-009	4.8328932e-009
142.82227	4.3474604e-010	7.825942e-010	5.7437855e-009	4.725318e-009
143.06641	4.3602974e-010	7.6342996e-010	5.6391762e-009	4.6218732e-009
143.31055	4.3718568e-010	7.4504525e-010	5.5336601e-009	4.4890909e-009
143.55469	4.3820744e-010	7.274669e-010	5.4279031e-009	4.3480365e-009
143.79883	4.390902e-010	7.1071863e-010	5.3273038e-009	4.2016313e-009
144.04297	4.39832e-010	6.9482078e-010	5.2298053e-009	4.0767648e-009
144.28711	4.4042751e-010	6.7978891e-010	5.1321367e-009	3.9710177e-009
144.53125	4.408716e-010	6.656364e-010	5.0345002e-009	3.8660857e-009
144.77539	4.4116088e-010	6.5237253e-010	4.9297906e-009	3.7708389e-009
145.01953	4.4129475e-010	6.4000178e-010	4.817563e-009	3.7284202e-009
145.26367	4.4127e-010	6.2852415e-010	4.7105797e-009	3.71596e-009
145.50781	4.4108304e-010	6.1793512e-010	4.6093714e-009	3.6466823e-009
145.75195	4.4073238e-010	6.0823958e-010	4.5123362e-009	3.5518362e-009
145.99609	4.4021899e-010	5.9969019e-010	4.4376691e-009	3.4893581e-009
146.24023	4.3954271e-010	5.9219069e-010	4.3624846e-009	3.4392019e-009
146.48438	4.3870164e-010	5.8568599e-010	4.2889739e-009	3.3477701e-009
146.72852	4.3769656e-010	5.8011111e-010	4.2201234e-009	3.2500428e-009
146.97266	4.3653012e-010	5.7539293e-010	4.1391183e-009	3.1621756e-009
147.2168	4.3520593e-010	5.7145134e-010	4.0519575e-009	3.0805248e-009
147.46094	4.337238e-010	5.6819972e-010	3.9938694e-009	3.0007359e-009
147.70508	4.3208698e-010	5.6554682e-010	3.8654502e-009	2.9238568e-009
147.94922	4.3029961e-010	5.634005e-010	3.8229147e-009	2.8359003e-009
148.19336	4.2836961e-010	5.6166529e-010	3.7882556e-009	2.7438878e-009
148.4375	4.2629825e-010	5.6024531e-010	3.7730858e-009	2.6564875e-009
148.68164	4.2409113e-010	5.5904566e-010	3.726068e-009	2.5677698e-009
148.92578	4.2175437e-010	5.5797267e-010	3.678671e-009	2.4870289e-009
149.16992	4.1929767e-010	5.5693818e-010	3.5785375e-009	2.4245565e-009
149.41406	4.167259e-010	5.5585888e-010	3.5199113e-009	2.3702528e-009
149.6582	4.1404572e-010	5.5465691e-010	3.4692645e-009	2.3123225e-009
149.90234	4.1126504e-010	5.532615e-010	3.4208083e-009	2.2629065e-009
150.14648	4.0839371e-010	5.5160953e-010	3.3742774e-009	2.2618736e-009
150.39063	4.0544074e-010	5.4964721e-010	3.3294094e-009	2.2732505e-009
150.63477	4.0241276e-010	5.4711432e-010	3.2760426e-009	2.2500073e-009
150.87891	3.9931871e-010	5.44261e-010	3.2031703e-009	2.2226157e-009
151.12305	3.9616769e-010	5.4118643e-010	3.1301332e-009	2.2264963e-009
151.36719	3.9297211e-010	5.378707e-010	3.0576869e-009	2.2450707e-009
151.61133	3.8973762e-010	5.3429909e-010	2.986597e-009	2.2364535e-009
151.85547	3.8647327e-010	5.3046222e-010	2.9239615e-009	2.2022454e-009
152.09961	3.8318799e-010	5.2635593e-010	2.8762997e-009	2.1687354e-009
152.34375	3.7989206e-010	5.2198132e-010	2.8297718e-009	2.141559e-009
152.58789	3.7659367e-010	5.1734425e-010	2.7843718e-009	2.1197492e-009
152.83203	3.7329952e-010	5.1245653e-010	2.7401134e-009	2.0857459e-009
153.07617	3.7001742e-010	5.0733467e-010	2.6937278e-009	2.0515715e-009
153.32031	3.6675474e-010	5.0199995e-010	2.6329267e-009	1.9973023e-009
153.56445	3.6352081e-010	4.9647761e-010	2.5731525e-009	1.9379438e-009
153.80859	3.6031945e-010	4.9079768e-010	2.5149004e-009	1.8758105e-009
154.05273	3.5715642e-010	4.849945e-010	2.4586964e-009	1.8013604e-009
154.29688	3.5403696e-010	4.7910556e-010	2.4050323e-009	1.7279985e-009
154.54102	3.5096641e-010	4.7317087e-010	2.3642206e-009	1.6538781e-009
154.78516	3.4794915e-010	4.6723315e-010	2.3291494e-009	1.5864224e-009
155.0293	3.4498703e-010	4.6133871e-010	2.2986298e-009	1.533632e-009
155.27344	3.4208262e-010	4.5553465e-010	2.2724763e-009	1.4903623e-009
155.51758	3.3923774e-010	4.4986838e-010	2.2504354e-009	1.4522892e-009
155.76172	3.3645465e-010	4.440276e-010	2.2284321e-009	1.4237568e-009
156.00586	3.3373302e-010	4.3747178e-010	2.2033451e-009	1.3951376e-009
156.25	3.31072e-010	4.3133836e-010	2.1784479e-009	1.3682405e-009
156.49414	3.2847059e-010	4.2571953e-010	2.1536895e-009	1.3445939e-009
156.73828	3.2592711e-010	4.2070023e-010	2.1290684e-009	1.321472e-009
156.98242	3.2344049e-010	4.1635737e-010	2.1046238e-009	1.2907126e-009
157.22656	3.2100649e-010	4.1275864e-010	2.0905957e-009	1.2584028e-009
157.4707	3.186215e-010	4.0996035e-010	2.0805492e-009	1.2427919e-009
157.71484	3.1628139e-010	4.080082e-010	2.0729587e-009	1.2410931e-009
157.95898	3.1398169e-010	4.0693586e-010	2.0672923e-009	1.2395287e-009
158.20313	3.1171823e-010	4.0676386e-010	2.0629948e-009	1.20304e-009
158.44727	3.0948444e-010	4.0749829e-010	2.0541502e-009	1.1672274e-009
158.69141	3.0727447e-010	4.091354e-010	2.0188353e-009	1.1419096e-009
158.93555	3.0508218e-010	4.1165697e-010	1.9840186e-009	1.1244056e-009
159.17969	3.029014e-010	4.1503018e-010	1.9502176e-009	1.1058288e-009
159.42383	3.0072621e-010	4.1921241e-010	1.9179175e-009	1.0608508e-009
159.66797	2.98549e-010	4.2415024e-010	1.8875771e-009	1.0168163e-009
159.91211	2.96363e-010	4.2977775e-010	1.8640939e-009	9.7877375e-010
160.15625	2.9416142e-010	4.3601773e-010	1.8542271e-009	9.4933531e-010
160.40039	2.9193783e-010	4.4278969e-010	1.8453422e-009	9.2227596e-010
160.64453	2.8968626e-010	4.5000295e-010	1.8371258e-009	8.9952354e-010
160.88867	2.8739937e-010	4.575574e-010	1.8292738e-009	8.8363198e-010
161.13281	2.8507092e-010	4.653546e-010	1.8214661e-009	8.7376392e-010
161.37695	2.8269496e-010	4.7329057e-010	1.8101178e-009	8.7172535e-010
161.62109	2.8026614e-010	4.807564e-010	1.787804e-009	8.7027684e-010
161.86523	2.777801e-010	4.8741403e-010	1.7680999e-009	8.6828768e-010
162.10938	2.7523092e-010	4.9397683e-010	1.7510646e-009	8.6626307e-010
162.35352	2.726142e-010	5.0038145e-010	1.7366954e-009	8.6419908e-010
162.59766	2.6992603e-010	5.0656526e-010	1.7249254e-009	8.6202644e-010
162.8418	2.6716313e-010	5.1246607e-010	1.7156191e-009	8.5648901e-010
163.08594	2.6432411e-010	5.1802405e-010	1.7001778e-009	8.4697772e-010
163.33008	2.6140519e-010	5.2318202e-010	1.6852368e-009	8.3864591e-010
163.57422	2.5840468e-010	5.2788372e-010	1.6710234e-009	8.2295783e-010
163.81836	2.5532143e-010	5.3207719e-010	1.6574722e-009	8.095224e-010
164.0625	2.5215489e-010	5.3571483e-010	1.6444911e-009	7.9987911e-010
164.30664	2.4890677e-010	5.3875019e-010	1.6319651e-009	7.97142e-010
164.55078	2.4557639e-010	5.4114283e-010	1.6178953e-009	7.9342333e-010
164.79492	2.4216473e-010	5.428579e-010	1.6026577e-009	7.9097598e-010
165.03906	2.3867357e-010	5.4386185e-010	1.5878743e-009	7.9956261e-010
165.2832	2.3510524e-010	5.4412852e-010	1.5734459e-009	8.1153021e-010
165.52734	2.3146379e-010	5.4363777e-010	1.5592383e-009	8.2087972e-010
165.77148	2.277523e-010	5.4237097e-010	1.5450926e-009	8.1515675e-010
166.01563	2.2397377e-010	5.403179e-010	1.5308154e-009	8.0476998e-010
166.25977	2.2013248e-010	5.3747375e-010	1.5136228e-009	7.952656e-010
166.50391	2.1623313e-010	5.3383571e-010	1.4938131e-009	7.9404546e-010
166.74805	2.1228122e-010	5.2940996e-010	1.4715004e-009	7.9146492e-010
166.99219	2.0828342e-010	5.2420634e-010	1.4466721e-009	7.820954e-010
167.23633	2.0424375e-010	5.1823762e-010	1.4193648e-009	7.6254924e-010
167.48047	2.0016818e-010	5.1152557e-010	1.3896546e-009	7.4436398e-010
167.72461	1.9606288e-010	5.0409294e-010	1.3573736e-009	7.2800755e-010
167.96875	1.9193354e-010	4.9596669e-010	1.3383913e-009	7.1269214e-010
168.21289	1.8777979e-010	4.8711703e-010	1.282251e-009	6.9758053e-010
168.45703	1.8362238e-010	4.7753802e-010	1.2438533e-009	6.8603879e-010
168.70117	1.794672e-010	4.6730378e-010	1.2095876e-009	6.8773762e-010
168.94531	-1	4.5646657e-010	1.1678152e-009	6.9075844e-010
169.18945	-1	4.4507545e-010	1.2137552e-009	6.9383942e-010
169.43359	-1	4.3318849e-010	1.147761e-009	6.8569559e-010
169.67773	-1	4.2086471e-010	1.081994e-009	6.7729951e-010
169.92188	-1	4.0816214e-010	1.1063624e-009	6.6874714e-010
170.16602	-1	3.9514655e-010	1.0646017e-009	6.6051661e-010
170.41016	-1	3.8187808e-010	1.021671e-009	6.5363999e-010
170.6543	-1	3.6841977e-010	9.7876913e-010	6.4812998e-010
170.89844	-1	3.5483773e-010	9.4010599e-010	6.447294e-010
171.14258	-1	3.4119039e-010	9.0203449e-010	6.4395816e-010
171.38672	-1	3.2754141e-010	8.6201044e-010	6.4543497e-010
171.63086	-1	3.1394956e-010	8.2023966e-010	6.4603856e-010
171.875	-1	3.0047039e-010	7.7698782e-010	6.4375254e-010
172.11914	-1	2.8716279e-010	7.3257084e-010	6.4314165e-010
172.36328	-1	2.7407484e-010	6.8735078e-010	6.4357275e-010
172.60742	-1	2.6125731e-010	6.4171593e-010	6.3514846e-010
172.85156	-1	2.4875596e-010	5.979971e-010	6.2633568e-010
173.0957	-1	2.3661111e-010	5.5801578e-010	6.1735715e-010
173.33984	-1	2.2486389e-010	5.2166684e-010	6.0409786e-010
173.58398	-1	2.1354601e-010	4.8880018e-010	5.8703038e-010
173.82813	-1	2.0268907e-010	4.5922172e-010	5.6833835e-010
174.07227	-1	1.9231946e-010	4.3270517e-010	5.5312631e-010
174.31641	-1	1.8245856e-010	4.0899958e-010	5.5270984e-010
174.56055	-1	-1	3.8784861e-010	5.5293278e-010
174.80469	-1	-1	3.641823e-010	5.5360893e-010
175.04883	-1	-1	3.4193212e-010	5.4759722e-010
175.29297	-1	-1	3.211061e-010	5.3902863e-010
175.53711	-1	-1	3.0170541e-010	5.3029768e-010
175.78125	-1	-1	2.8372621e-010	5.2323167e-010
176.02539	-1	-1	2.6715887e-010	5.2312084e-010
176.26953	-1	-1	2.5198813e-010	5.2370949e-010
176.51367	-1	-1	2.3819382e-010	5.2488902e-010
176.75781	-1	-1	2.280807e-010	5.2234054e-010
177.00195	-1	-1	2.2008543e-010	5.1715111e-010
177.24609	-1	-1	2.1334904e-010	5.1212214e-010
177.49023	-1	-1	2.0773792e-010	5.0738252e-010
177.73438	-1	-1	2.0312563e-010	5.0620965e-010
177.97852	-1	-1	1.9939306e-010	5.0828964e-010
178.22266	-1	-1	1.9642826e-010	5.1338819e-010
178.4668	-1	-1	1.9412607e-010	5.2076755e-010
178.71094	-1	-1	1.9174243e-010	5.2784698e-010
178.95508	-1	-1	1.8806757e-010	5.3589068e-010
179.19922	-1	-1	1.8574937e-010	5.4471337e-010
179.44336	-1	-1	1.847664e-010	5.5686259e-010
179.6875	-1	-1	1.8509391e-010	5.7235199e-010
179.93164	-1	-1	1.8670301e-010	5.8702136e-010
180.17578	-1	-1	1.8955951e-010	6.0049648e-010
180.41992	-1	-1	1.936225e-010	6.0526807e-010
180.66406	-1	-1	1.9884259e-010	6.0517148e-010
180.9082	-1	-1	-1	6.0581002e-010
181.15234	-1	-1	-1	6.0725705e-010
181.39648	-1	-1	-1	6.0988079e-010
181.64063	-1	-1	-1	6.1416382e-010
181.88477	-1	-1	-1	6.2004366e-010
182.12891	-1	-1	-1	6.2743488e-010
182.37305	-1	-1	-1	6.2775476e-010
182.61719	-1	-1	-1	6.2383634e-010
182.86133	-1	-1	-1	6.1938721e-010
183.10547	-1	-1	-1	6.1469829e-010
183.34961	-1	-1	-1	6.1511701e-010
183.59375	-1	-1	-1	6.1734604e-010
183.83789	-1	-1	-1	6.182121e-010
184.08203	-1	-1	-1	6.1768511e-010
184.32617	-1	-1	-1	6.1455366e-010
184.57031	-1	-1	-1	6.0854641e-010
184.81445	-1	-1	-1	6.0080708e-010
185.05859	-1	-1	-1	5.9151218e-010
185.30273	-1	-1	-1	5.8222108e-010
185.54688	-1	-1	-1	5.7616923e-010
185.79102	-1	-1	-1	5.7122935e-010
186.03516	-1	-1	-1	5.6732335e-010
186.2793	-1	-1	-1	5.6418822e-010
186.52344	-1	-1	-1	5.5764554e-010
186.76758	-1	-1	-1	5.4986862e-010
187.01172	-1	-1	-1	5.4087658e-010
187.25586	-1	-1	-1	5.3070906e-010
187.5	-1	-1	-1	5.1806778e-010
187.74414	-1	-1	-1	5.0380578e-010
187.98828	-1	-1	-1	4.8867602e-010
188.23242	-1	-1	-1	-1
188.47656	-1	-1	-1	-1
188.7207	-1	-1	-1	-1
188.96484	-1	-1	-1	-1
189.20898	-1	-1	-1	-1
189.45313	-1	-1	-1	-1
189.69727	-1	-1	-1	-1
189.94141	-1	-1	-1	-1
190.18555	-1	-1	-1	-1
190.42969	-1	-1	-1	-1
190.67383	-1	-1	-1	-1
190.91797	-1	-1	-1	-1
191.16211	-1	-1	-1	-1
191.40625	-1	-1	-1	-1
191.65039	-1	-1	-1	-1
191.89453	-1	-1	-1	-1
192.13867	-1	-1	-1	-1
192.38281	-1	-1	-1	-1
192.62695	-1	-1	-1	-1
192.87109	-1	-1	-1	-1
193.11523	-1	-1	-1	-1
193.35938	-1	-1	-1	-1
193.60352	-1	-1	-1	-1
193.84766	-1	-1	-1	-1
194.0918	-1	-1	-1	-1
194.33594	-1	-1	-1	-1
194.58008	-1	-1	-1	-1
194.82422	-1	-1	-1	-1
195.06836	-1	-1	-1	-1
195.3125	-1	-1	-1	-1
195.55664	-1	-1	-1	-1
195.80078	-1	-1	-1	-1
196.04492	-1	-1	-1	-1
196.28906	-1	-1	-1	-1
196.5332	-1	-1	-1	-1
196.77734	-1	-1	-1	-1
197.02148	-1	-1	-1	-1
197.26563	-1	-1	-1	-1
197.50977	-1	-1	-1	-1
197.75391	-1	-1	-1	-1
197.99805	-1	-1	-1	-1
198.24219	-1	-1	-1	-1
198.48633	-1	-1	-1	-1
198.73047	-1	-1	-1	-1
198.97461	-1	-1	-1	-1
199.21875	-1	-1	-1	-1
199.46289	-1	-1	-1	-1
199.70703	-1	-1	-1	-1
199.95117	-1	-1	-1	-1
