20.019531	-1	-1	-1	-1	-1	-1
20.263672	-1	-1	-1	-1	-1	-1
20.507813	-1	-1	-1	-1	-1	-1
20.751953	-1	-1	-1	-1	-1	-1
20.996094	-1	-1	-1	-1	-1	-1
21.240234	-1	-1	-1	-1	-1	-1
21.484375	-1	-1	-1	-1	-1	-1
21.728516	-1	-1	-1	-1	-1	-1
21.972656	-1	-1	-1	-1	-1	-1
22.216797	-1	-1	-1	-1	-1	-1
22.460938	-1	-1	-1	-1	-1	-1
22.705078	-1	-1	-1	-1	-1	-1
22.949219	-1	-1	-1	-1	-1	-1
23.193359	-1	-1	-1	-1	-1	-1
23.4375	-1	-1	-1	-1	-1	-1
23.681641	-1	-1	-1	-1	-1	-1
23.925781	-1	-1	-1	-1	-1	-1
24.169922	-1	-1	-1	-1	-1	-1
24.414063	-1	-1	-1	-1	-1	-1
24.658203	-1	-1	-1	-1	-1	-1
24.902344	-1	-1	-1	-1	-1	-1
25.146484	-1	-1	-1	-1	-1	-1
25.390625	-1	-1	-1	-1	-1	-1
25.634766	-1	-1	-1	-1	-1	-1
25.878906	-1	-1	-1	-1	-1	-1
26.123047	-1	-1	-1	-1	-1	-1
26.367188	0.13797612	-1	-1	-1	-1	-1
26.611328	0.13535919	-1	-1	-1	-1	-1
26.855469	0.13281713	-1	-1	-1	-1	-1
27.099609	0.13034676	-1	-1	-1	-1	-1
27.34375	0.12794547	-1	-1	-1	-1	-1
27.587891	0.1256107	-1	-1	-1	-1	-1
27.832031	0.12333996	-1	-1	-1	-1	-1
28.076172	0.12113079	-1	-1	-1	-1	-1
28.320313	0.11898138	-1	-1	-1	-1	-1
28.564453	0.11688901	-1	-1	-1	-1	-1
28.808594	0.11485212	-1	-1	-1	-1	-1
29.052734	0.11286854	-1	-1	-1	-1	-1
29.296875	0.11093639	-1	-1	-1	-1	-1
29.541016	0.10905392	-1	-1	-1	-1	-1
29.785156	0.1072194	-1	-1	-1	-1	-1
30.029297	0.10543116	-1	-1	-1	-1	-1
30.273438	0.10368788	-1	-1	-1	-1	-1
30.517578	0.10198783	-1	-1	-1	-1	-1
30.761719	0.10032958	-1	-1	-1	-1	-1
31.005859	0.098711836	-1	-1	-1	-1	-1
31.25	0.097272237	-1	-1	-1	-1	-1
31.494141	0.097229414	-1	-1	-1	-1	-1
31.738281	0.097186591	-1	-1	-1	-1	-1
31.982422	0.097143769	-1	-1	-1	-1	-1
32.226563	0.097100946	-1	-1	-1	-1	-1
32.470703	0.097058123	-1	-1	-1	-1	-1
32.714844	0.0970153	-1	-1	-1	-1	-1
32.958984	0.096744598	-1	-1	-1	-1	-1
33.203125	0.095288923	-1	-1	-1	-1	-1
33.447266	0.093866147	-1	-1	-1	-1	-1
33.691406	0.092475231	-1	-1	-1	-1	-1
33.935547	0.091115157	-1	-1	-1	-1	-1
34.179688	0.089785323	-1	-1	-1	-1	-1
34.423828	0.088484527	-1	-1	-1	-1	-1
34.667969	0.08721201	-1	-1	-1	-1	-1
34.912109	0.085966977	-1	-1	-1	-1	-1
35.15625	0.084748679	-1	-1	-1	-1	-1
35.400391	0.083556145	-1	-1	-1	-1	-1
35.644531	0.082388906	-1	-1	-1	-1	-1
35.888672	0.081246195	-1	-1	-1	-1	-1
36.132813	0.080127221	-1	-1	-1	-1	-1
36.376953	0.079031357	-1	-1	-1	-1	-1
36.621094	0.078611515	-1	-1	-1	-1	-1
36.865234	0.078576901	-1	-1	-1	-1	-1
37.109375	0.078542287	-1	-1	-1	-1	-1
37.353516	0.078507673	-1	-1	-1	-1	-1
37.597656	0.078473059	-1	-1	-1	-1	-1
37.841797	0.078438445	-1	-1	-1	-1	-1
38.085938	0.07840383	-1	-1	-1	-1	-1
38.330078	0.078369216	-1	-1	-1	-1	-1
38.574219	0.077454569	-1	-1	-1	-1	-1
38.818359	0.076462304	-1	-1	-1	-1	-1
39.0625	0.075489177	-1	-1	-1	-1	-1
39.306641	0.074534737	-1	-1	-1	-1	-1
39.550781	0.073598214	-1	-1	-1	-1	-1
39.794922	0.072679541	-1	-1	-1	-1	-1
40.039063	0.071777934	-1	-1	-1	-1	-1
40.283203	0.070893226	-1	-1	-1	-1	-1
40.527344	0.070024699	-1	-1	-1	-1	-1
40.771484	0.069172386	-1	-1	-1	-1	-1
41.015625	0.068335461	-1	-1	-1	-1	-1
41.259766	0.067513702	-1	-1	-1	-1	-1
41.503906	0.066706946	-1	-1	-1	-1	-1
41.748047	0.066517704	-1	-1	-1	-1	-1
41.992188	0.06648846	-1	-1	-1	-1	-1
42.236328	0.066459217	-1	0.68002607	-1	-1	-1
42.480469	0.066429973	-1	0.67069981	-1	-1	-1
42.724609	0.066400729	-1	0.66157529	-1	-1	-1
42.96875	0.066371485	-1	0.65264614	-1	-1	-1
43.212891	0.066342242	-1	0.64390681	-1	-1	-1
43.457031	0.066312998	-1	0.6353515	-1	-1	-1
43.701172	0.066021679	-1	0.62697487	-1	-1	-1
43.945313	0.065276678	-1	0.61877166	-1	-1	-1
44.189453	0.064544274	-1	0.61073725	-1	-1	-1
44.433594	0.063824183	-1	0.60286635	-1	-1	-1
44.677734	0.063116124	-1	0.59515454	-1	-1	-1
44.921875	0.062419872	-1	0.58759745	-1	-1	-1
45.166016	0.061735228	-1	0.5801908	-1	-1	-1
45.410156	0.061061837	-1	0.57293034	-1	-1	-1
45.654297	0.060399431	-1	0.5658119	-1	-1	-1
45.898438	0.059747745	-1	0.55883204	-1	-1	-1
46.142578	0.059106517	-1	0.55198669	-1	-1	-1
46.386719	0.05863593	-1	0.54706774	-1	-1	-1
46.630859	0.058610219	-1	0.54685442	-1	-1	-1
46.875	0.058584508	-1	0.54664109	-1	-1	-1
47.119141	0.058558797	-1	0.54537633	-1	-1	-1
47.363281	0.058533086	-1	0.53888964	-1	-1	-1
47.607422	0.058507375	-1	0.53252333	-1	-1	-1
47.851563	0.058481663	-1	0.52627456	-1	-1	-1
48.095703	0.058455952	-1	0.52014002	-1	-1	-1
48.339844	0.058430241	-1	0.51411719	-1	-1	-1
48.583984	0.058258867	-1	0.50820296	-1	-1	-1
48.828125	0.05766824	-1	0.50239473	-1	-1	-1
49.072266	0.057086641	-1	0.49668988	-1	-1	-1
49.316406	0.05651384	-1	0.49191432	-1	-1	-1
49.560547	0.055949652	-1	0.49172042	-1	-1	-1
49.804688	0.0553939	-1	0.49152652	-1	-1	-1
50.048828	0.054846492	-1	0.49133262	-1	-1	-1
50.292969	0.054307028	-1	0.48650516	-1	-1	-1
50.537109	0.053775784	-1	0.48116212	-1	-1	-1
50.78125	0.053252145	-1	0.47591054	-1	-1	-1
51.025391	0.052736179	-1	0.47074791	-1	-1	-1
51.269531	0.052227832	-1	0.46567227	-1	-1	-1
51.513672	0.051726709	-1	0.46068168	-1	-1	-1
51.757813	0.051232714	-1	0.45577417	-1	-1	-1
52.001953	0.050746037	-1	0.45094786	-1	-1	-1
52.246094	0.050266213	-1	0.44620087	-1	-1	-1
52.490234	0.04979313	-1	0.44153132	-1	-1	-1
52.734375	0.049709358	-1	0.43693739	-1	-1	-1
52.978516	0.049687632	-1	0.43676154	-1	-1	-1
53.222656	0.049665905	-1	0.43658751	-1	-1	-1
53.466797	0.049644179	-1	0.43641348	-1	-1	-1
53.710938	0.049622452	-1	0.43391614	-1	-1	-1
53.955078	0.049600726	-1	0.42951226	-1	-1	-1
54.199219	0.049578999	-1	0.42517748	-1	-1	-1
54.443359	0.049557273	-1	0.42091041	-1	-1	-1
54.6875	0.049535546	-1	0.41670964	-1	-1	-1
54.931641	0.049500763	-1	0.41257379	-1	-1	-1
55.175781	0.049057668	-1	0.40850151	-1	-1	-1
55.419922	0.048620507	-1	0.40449144	-1	-1	-1
55.664063	0.048189179	-1	0.40054225	-1	-1	-1
55.908203	0.047763583	-1	0.3966526	-1	-1	-1
56.152344	0.04734362	-1	0.3928212	-1	-1	-1
56.396484	0.046929189	-1	0.38904723	-1	-1	-1
56.640625	0.046520194	-1	0.38704427	-1	-1	-1
56.884766	0.046116537	-1	0.38688869	-1	-1	-1
57.128906	0.045718122	-1	0.38673312	-1	-1	-1
57.373047	0.045324854	-1	0.38657755	-1	-1	-1
57.617188	0.04493668	-1	0.38357274	-1	-1	-1
57.861328	0.044553577	-1	0.37998927	-1	-1	-1
58.105469	0.044175362	-1	0.37645737	-1	-1	-1
58.349609	0.043801942	-1	0.37297611	-1	-1	-1
58.59375	0.043433227	-1	0.36954467	-1	-1	-1
58.837891	0.043069126	-1	0.36616189	-1	-1	-1
59.082031	0.042709548	-1	0.36282683	-1	-1	-1
59.326172	0.042354615	-1	0.35953858	-1	-1	-1
59.570313	0.042004128	-1	0.35629623	-1	-1	-1
59.814453	0.041657922	-1	0.35309899	-1	-1	-1
60.058594	0.04131591	-1	0.34994602	-1	-1	-1
60.302734	0.040978181	-1	0.34683635	-1	-1	-1
60.546875	0.04093727	-1	0.34376909	-1	-1	-1
60.791016	0.040919467	-1	0.34074381	-1	-1	-1
61.035156	0.040901664	-1	0.33775937	-1	-1	-1
61.279297	0.040883861	-1	0.33481519	-1	-1	-1
61.523438	0.040866058	-1	0.33191045	-1	-1	-1
61.767578	0.040848254	-1	0.33136551	-1	-1	-1
62.011719	0.040830451	-1	0.33123105	-1	-1	-1
62.255859	0.040812648	-1	0.3310966	-1	-1	-1
62.5	0.040794845	-1	0.33096214	-1	-1	-1
62.744141	0.040777042	-1	0.32841747	-1	-1	-1
62.988281	0.040750853	-1	0.32563897	-1	-1	-1
63.232422	0.04043332	-1	0.32289679	-1	-1	-1
63.476563	0.040119384	-1	0.32019005	-1	-1	-1
63.720703	0.039808994	-1	0.31751815	-1	-1	-1
63.964844	0.039502441	-1	0.31488049	-1	-1	-1
64.208984	0.039199206	-1	0.31227649	-1	-1	-1
64.453125	0.03889962	-1	0.30970557	-1	-1	-1
64.697266	0.038603399	-1	0.30716716	-1	-1	-1
64.941406	0.038310525	-1	0.30466067	-1	-1	-1
65.185547	0.038021087	-1	0.30218556	-1	-1	-1
65.429688	0.037734763	-1	0.29974124	-1	-1	-1
65.673828	0.037451882	-1	0.29732736	-1	-1	-1
65.917969	0.037171948	-1	0.29494337	-1	-1	-1
66.162109	0.036895401	-1	0.29258858	-1	-1	-1
66.40625	0.0366217	-1	0.29026256	-1	-1	-1
66.650391	0.036351268	-1	0.28796509	-1	-1	-1
66.894531	0.036083644	-1	0.28569527	-1	-1	-1
67.138672	0.03581911	-1	0.28345309	-1	-1	-1
67.382813	0.03555741	-1	0.28123767	-1	-1	-1
67.626953	0.035298563	-1	0.27930254	-1	-1	-1
67.871094	0.035042635	-1	0.27918838	-1	-1	-1
68.115234	0.034789266	-1	0.27907421	-1	-1	-1
68.359375	0.034538961	-1	0.27896004	-1	-1	-1
68.603516	0.034291142	-1	0.27884588	-1	-1	-1
68.847656	0.034046037	-1	0.27707331	-1	-1	-1
69.091797	0.033805537	-1	0.27496479	-1	-1	-1
69.335938	0.033568999	-1	0.27288097	-1	-1	-1
69.580078	0.033332462	-1	0.27082137	-1	-1	-1
69.824219	0.033095925	-1	0.26878549	-1	-1	-1
70.068359	0.032859388	-1	0.26677299	-1	-1	-1
70.3125	0.032629353	-1	0.26478354	-1	-1	-1
70.556641	0.032401916	-1	0.26281686	-1	-1	-1
70.800781	0.03250197	-1	0.26087257	-1	-1	-1
71.044922	0.032764011	-1	0.25895026	-1	-1	-1
71.289063	0.033026052	-1	0.2570496	-1	-1	-1
71.533203	0.033288093	-1	0.25517027	-1	-1	-1
71.777344	0.033550135	-1	0.25331193	-1	0.80949168	-1
72.021484	0.033646499	-1	0.25147426	-1	0.80271376	-1
72.265625	0.033417367	-1	0.249657	-1	0.79602632	-1
72.509766	0.033190503	-1	0.24785989	-1	0.78942793	-1
72.753906	0.032967066	-1	0.24608253	-1	0.78291665	-1
72.998047	0.032747628	-1	0.24432461	-1	0.77649121	-1
73.242188	0.03252819	-1	0.24258581	-1	0.77014971	-1
73.486328	0.032308752	-1	0.24086587	-1	0.76389067	-1
73.730469	0.032090859	-1	0.23916477	-1	0.75771265	-1
73.974609	0.031877493	-1	0.23764202	-1	0.75161419	-1
74.21875	0.031666177	-1	0.23754442	-1	0.74559387	-1
74.462891	0.031456985	-1	0.23744682	-1	0.73965027	-1
74.707031	0.03125001	-1	0.23734922	-1	0.73378198	-1
74.951172	0.031045013	-1	0.23725162	-1	0.7279876	-1
75.195313	0.030841976	-1	0.23648089	-1	0.72507644	-1
75.439453	0.030640877	-1	0.23485025	-1	0.7248099	-1
75.683594	0.030441795	-1	0.23323689	-1	0.72454335	-1
75.927734	0.030244761	-1	0.23164041	-1	0.72045601	-1
76.171875	0.030049597	-1	0.23006058	-1	0.71487638	-1
76.416016	0.029856282	-1	0.22849725	-1	0.70936545	-1
76.660156	0.029664798	-1	0.22695009	-1	0.70392188	-1
76.904297	0.029475126	-1	0.2254189	-1	0.69854443	-1
77.148438	0.029287273	-1	0.22390356	-1	0.69323223	-1
77.392578	0.02910135	-1	0.22240354	-1	0.68798405	-1
77.636719	0.028917172	-1	0.22091914	-1	0.68279876	-1
77.880859	0.028734719	-1	0.2194497	0.42681199	0.67767533	-1
78.125	0.028553974	-1	0.21799505	0.42382265	0.67261274	-1
78.369141	0.028374918	-1	0.21655536	0.42086581	0.67196064	-1
78.613281	0.028197532	-1	0.21513005	0.41794098	0.67171118	-1
78.857422	0.028021798	-1	0.21371895	0.41151507	0.67140998	-1
79.101563	0.027847698	-1	0.21232197	0.40579396	0.66646379	-1
79.345703	0.027817325	-1	0.21093906	0.40095129	0.66157529	-1
79.589844	0.027805397	-1	0.20956981	0.40221768	0.65674342	-1
79.833984	0.027793469	-1	0.20821407	0.39436319	0.65196719	-1
80.078125	0.027781542	-1	0.20687166	0.39169106	0.64724602	-1
80.322266	0.027769614	-1	0.20554242	0.38904723	0.64257873	-1
80.566406	0.027757686	-1	0.20422618	0.38643083	0.6379646	-1
80.810547	0.027745758	-1	0.20292285	0.38384169	0.63340271	-1
81.054688	0.02773383	-1	0.20167404	0.38127938	0.62889237	-1
81.298828	0.027721902	-1	0.20159099	0.37874349	0.62443252	-1
81.542969	0.027709975	-1	0.20150794	0.37623368	0.62002267	-1
81.787109	0.027698047	-1	0.20142489	0.37374962	0.61566191	-1
82.03125	0.027686119	-1	0.20134185	0.37129072	0.61134941	-1
82.275391	0.027674191	-1	0.2012588	0.3688584	0.60822785	-1
82.519531	0.027592901	-1	0.20004983	0.36644794	0.60799951	-1
82.763672	0.027429097	-1	0.19880464	0.36406298	0.60777117	-1
83.007813	0.027266749	-1	0.19757125	0.36170223	0.60658161	-1
83.251953	0.027105843	-1	0.19634952	0.35936504	0.60240455	-1
83.496094	0.02694636	-1	0.19513928	0.35705109	0.59827276	-1
83.740234	0.026788284	-1	0.19394038	0.35476009	0.59418555	-1
83.984375	0.026631599	-1	0.19275268	0.35249177	0.59014225	-1
84.228516	0.026476288	-1	0.19157601	0.35024595	0.58614217	-1
84.472656	0.026322336	-1	0.19041024	0.34802218	0.58218475	-1
84.716797	0.026169725	-1	0.18925534	0.34582016	0.57826943	-1
84.960938	0.02601844	-1	0.18811117	0.34363961	0.5743954	-1
85.205078	0.025868464	-1	0.18697747	0.34148024	0.57056199	-1
85.449219	0.025719783	-1	0.18585409	0.33934179	0.56676901	-1
85.693359	0.025572379	-1	0.1847409	0.33722395	0.56301544	-1
85.9375	0.025426238	-1	0.1836381	0.33670574	0.55930093	-1
86.181641	0.025281344	-1	0.18254521	0.33657174	0.55562485	-1
86.425781	0.025137681	-1	0.18146209	0.33643775	0.55198669	-1
86.669922	0.024995233	-1	0.18038886	0.33630375	0.54838578	-1
86.914063	0.024853987	-1	0.17932531	0.33459977	0.54761812	-1
87.158203	0.024713952	-1	0.17827114	0.33254909	0.54741036	-1
87.402344	0.024575174	-1	0.17722653	0.33051793	0.54720259	-1
87.646484	0.024437557	-1	0.17619121	0.32850584	0.54488146	-1
87.890625	0.024301088	-1	0.17516491	0.32651256	0.54138263	-1
88.134766	0.024165752	-1	0.17414797	0.32453781	0.53791892	-1
88.378906	0.024031533	-1	0.17313976	0.32258154	0.53449003	-1
88.623047	0.023898416	-1	0.17214061	0.32064348	0.5310954	-1
88.867188	0.023766389	-1	0.17115008	0.31872321	0.52773449	-1
89.111328	0.023635435	-1	0.17016829	0.31682065	0.52440685	-1
89.355469	0.02350554	-1	0.16927467	0.31493568	0.52111203	-1
89.599609	0.023376769	-1	0.16920491	0.31306777	0.51784959	-1
89.84375	0.023249133	-1	0.16913515	0.31121708	0.5146191	-1
90.087891	0.023122519	-1	0.16906539	0.30938311	0.51142012	-1
90.332031	0.022996914	-1	0.16899563	0.30756578	0.50825222	-1
90.576172	0.022872305	-1	0.16892587	0.30576487	0.50511497	-1
90.820313	0.022748676	-1	0.16839043	0.30398014	0.50200794	-1
91.064453	0.022626015	-1	0.16744582	0.30232453	0.49893072	-1
91.308594	0.022504408	-1	0.16650924	0.30220379	0.49588314	-1
91.552734	0.022383868	-1	0.16558071	0.30208306	0.49286458	-1
91.796875	0.022264261	-1	0.16465983	0.30196232	0.49181374	-1
92.041016	0.022145572	-1	0.16374702	0.30184158	0.49162548	-1
92.285156	0.022027789	-1	0.16284172	0.30034944	0.49143721	-1
92.529297	0.021910898	-1	0.16194398	0.29863122	0.49034616	-1
92.773438	0.021795054	-1	0.16105392	0.29692803	0.48740461	-1
93.017578	0.021680172	-1	0.16017114	0.2952396	0.48449068	-1
93.261719	0.02156615	-1	0.15929569	0.29356621	0.48160395	-1
93.505859	0.021491375	-1	0.15842767	0.29190725	0.47874388	-1
93.75	0.021482267	-1	0.1575667	0.29026256	0.47591054	-1
93.994141	0.02147316	-1	0.15671272	0.28863225	0.47310307	-1
94.238281	0.021464052	-1	0.15586601	0.28701602	0.47032169	-1
94.482422	0.021454945	-1	0.15502616	0.2854136	0.46756557	-1
94.726563	0.021445837	-1	0.15419311	0.28382485	0.46483475	-1
94.970703	0.02143673	-1	0.15336677	0.28224968	0.46212873	-1
95.214844	0.021427622	-1	0.15254734	0.28068805	0.45944709	-1
95.458984	0.021418514	-1	0.15173453	0.27913965	0.45678995	0.698693
95.703125	0.021409407	-1	0.15092824	0.27760431	0.4541566	0.69440723
95.947266	0.021400299	-1	0.1501284	0.2760819	0.45154677	0.69016311
96.191406	0.021391192	-1	0.14933494	0.27457229	0.44896039	0.68596003
96.435547	0.021382084	-1	0.14854795	0.27307532	0.44639711	0.68179768
96.679688	0.021372977	-1	0.14776729	0.27159087	0.44385653	0.67767533
96.923828	0.021363869	-1	0.14699282	0.27011878	0.4413384	0.6735923
97.167969	0.021354761	-1	0.14622449	0.26865894	0.43884245	0.66954844
97.412109	0.021257102	-1	0.14546223	0.26721119	0.43636844	0.66554287
97.65625	0.021150341	-1	0.14470597	0.26577541	0.43391614	0.66157529
97.900391	0.021044304	-1	0.14395567	0.26435145	0.4314853	0.65764506
98.144531	0.020939029	-1	0.14321126	0.26293918	0.4290756	0.65375186
98.388672	0.020834751	-1	0.14247269	0.26153848	0.42675242	0.64989491
98.632813	0.020731167	-1	0.14173989	0.2601492	0.42658752	0.64607418
98.876953	0.020628263	-1	0.14101897	0.25989771	0.42642262	0.64228883
99.121094	0.020526111	-1	0.14096094	0.25979349	0.42625773	0.63853841
99.365234	0.020424904	-1	0.14090291	0.25968928	0.42517748	0.63482272
99.609375	0.020324349	-1	0.14084488	0.25958507	0.42284172	0.63114118
99.853516	0.020224435	-1	0.14078684	0.25906847	0.42052588	0.6274933
100.09766	0.020125342	-1	0.14072881	0.25771337	0.41822971	0.62387865
100.3418	0.020027063	-1	0.14067078	0.2563691	0.41595298	0.62029684
100.58594	0.019929395	-1	0.14003595	0.25503553	0.41369544	0.61731627
100.83008	0.019832328	-1	0.13933186	0.25371253	0.41145698	0.61708772
101.07422	0.019736232	-1	0.13863314	0.25239999	0.40923738	0.61685917
101.31836	0.019640739	-1	0.13793973	0.25109795	0.40703629	0.61626051
101.5625	0.019545819	-1	0.13725158	0.24980623	0.40485348	0.6127717
101.80664	0.019451687	-1	0.13656863	0.24852462	0.40268881	0.60931402
102.05078	0.0193583	-1	0.13589082	0.24725297	0.40054225	0.60588708
102.29492	0.019265457	-1	0.13521811	0.24599138	0.3984133	0.6024905
102.53906	0.019173263	-1	0.13455043	0.24473969	0.39630177	0.59912389
102.7832	0.019081911	-1	0.13388773	0.24349763	0.39420784	0.59578686
103.02734	0.018991077	-1	0.13322997	0.24226518	0.39213088	0.59247918
103.27148	0.018900793	-1	0.13257707	0.24104245	0.39007087	0.58920047
103.51563	0.01881141	-1	0.13192904	0.239829	0.38802771	0.58595023
103.75977	0.018722516	-1	0.13128591	0.23862489	0.38600092	0.58272811
104.00391	0.018634116	-1	0.13064752	0.23743016	0.38399079	0.57953396
104.24805	0.018546634	-1	0.1300138	0.23624437	0.38199656	0.57636737
104.49219	0.018459614	-1	0.1293847	0.23506783	0.38001867	0.57322782
104.73633	0.018373072	-1	0.12876018	0.23390014	0.37805632	0.57011533
104.98047	0.018287424	-1	0.12814017	0.2327413	0.37610995	0.5670293
105.22461	0.018202212	-1	0.12752481	0.23159132	0.37417884	0.5639695
105.46875	0.018117502	-1	0.12691396	0.23044986	0.37226321	0.56093569
105.71289	0.018033624	-1	0.12630748	0.22931722	0.37036269	0.55792742
105.95703	0.017950156	-1	0.12570534	0.22819282	0.36847706	0.55510927
106.20117	0.017867251	-1	0.12510747	0.22707712	0.36660649	0.55490173
106.44531	0.017785078	-1	0.12451409	0.22596949	0.36475044	0.55469419
106.68945	0.01770329	-1	0.12392495	0.22487036	0.36290888	0.55448666
106.93359	0.017622165	-1	0.12333996	0.22377918	0.36178758	0.55198669
107.17773	0.017541635	-1	0.12275905	0.22269625	0.36164662	0.54907347
107.42188	0.017461465	-1	0.12218245	0.22162122	0.36150566	0.54618456
107.66602	0.017382094	-1	0.12160995	0.22055412	0.3613647	0.54331936
107.91016	0.017303144	-1	0.12104141	0.22013703	0.36039665	0.54047766
108.1543	0.01722464	-1	0.12047683	0.22004861	0.35860373	0.53765946
108.39844	0.017146888	-1	0.11991646	0.21996019	0.35682466	0.53486421
108.64258	0.017069457	-1	0.11935991	0.21987177	0.35505931	0.53209166
108.88672	0.016992669	-1	0.11880714	0.21978335	0.35330739	0.52934158
109.13086	0.0169164	-1	0.11825847	0.21903262	0.35156877	0.52661391
109.375	0.01684046	-1	0.11771356	0.21799505	0.34984332	0.52390825
109.61914	0.016765331	-1	0.1171723	0.21696526	0.34813093	0.52122432
109.86328	0.016690485	-1	0.11663503	0.21594273	0.34643162	0.5185619
110.10742	0.016616224	-1	0.11650181	0.21492747	0.34474508	0.51592075
110.35156	0.016542483	-1	0.11645403	0.21391972	0.34307119	0.51330065
110.5957	0.016469052	-1	0.11640624	0.21291904	0.34140982	0.51070136
110.83984	0.016396395	-1	0.11635846	0.21192539	0.33976086	0.50812267
111.08398	0.016323984	-1	0.11631067	0.21093906	0.33812417	0.50556434
111.32813	0.016252194	-1	0.11626289	0.20995965	0.33649964	0.50302615
111.57227	0.016180833	-1	0.11619476	0.20898707	0.33488714	0.50050788
111.81641	0.016109853	-1	0.11567141	0.20802137	0.33328656	0.49800931
112.06055	0.016039521	-1	0.11515152	0.20706264	0.33169777	0.4963268
112.30469	0.0159694	-1	0.11463508	0.20611056	0.33012066	0.49613963
112.54883	0.015900024	-1	0.11412234	0.2051651	0.3285551	0.49595246
112.79297	0.015830898	-1	0.11361284	0.20422618	0.32700098	0.49576529
113.03711	0.015762315	-1	0.113107	0.203294	0.32545818	0.49343732
113.28125	0.015694165	-1	0.11260443	0.20236829	0.32392658	0.49101031
113.52539	0.015626369	-1	0.11210525	0.20144895	0.32240606	0.48860191
113.76953	0.015559174	-1	0.11160949	0.20053594	0.32089651	0.48621189
114.01367	0.015492159	-1	0.11111689	0.1996292	0.31939791	0.48384026
114.25781	0.015425902	-1	0.11062779	0.1987287	0.31791015	0.4814867
114.50195	0.015359792	-1	0.11014167	0.19783454	0.31643303	0.47915091
114.74609	0.015294321	-1	0.10965911	0.19694648	0.31496644	0.47683271
114.99023	0.015229116	-1	0.10917945	0.19606447	0.31351027	0.47453226
115.23438	0.015164407	-1	0.10870322	0.19518846	0.3120644	0.47224898
115.47852	0.015100088	-1	0.10822989	0.1943184	0.31062896	0.46998271
115.72266	0.015036136	-1	0.10775989	0.19345424	0.30920367	0.46773366
115.9668	0.015010535	-1	0.10729277	0.19259592	0.30778836	0.4655012
116.21094	0.015004292	-1	0.10682892	0.1917434	0.30735611	0.4632854
116.45508	0.014998048	-1	0.10636787	0.19089662	0.30723573	0.46108607
116.69922	0.014991804	-1	0.10591008	0.19005554	0.30711536	0.45890288
116.94336	0.01498556	-1	0.10545498	0.18922011	0.30699498	0.45673598
117.1875	0.014979317	-1	0.10500316	0.18839029	0.30624646	0.4545848
117.43164	0.014973073	-1	0.10455397	0.18756602	0.30486314	0.45244963
117.67578	0.014966829	-1	0.10410793	0.18674724	0.30348965	0.45032986
117.91992	0.014960585	-1	0.10366459	0.1859339	0.3021256	0.44822574
118.16406	0.014954342	-1	0.1032242	0.18512594	0.30077083	0.44613679
118.4082	0.014948098	-1	0.10278661	0.1846992	0.29942561	0.44406302
118.65234	0.014941854	-1	0.10235175	0.18462506	0.29808957	0.44200431
118.89648	0.01493561	-1	0.10191982	0.18455091	0.29676253	0.43996025
119.14063	0.014929367	-1	0.10149042	0.18447677	0.29544486	0.43793118
119.38477	0.014923123	-1	0.10106402	0.18440262	0.29413597	0.43591651
119.62891	0.014916879	-1	0.10064016	0.18428298	0.29283607	0.43391614
119.87305	0.014910635	-1	0.100219	0.18349393	0.29154501	0.4332147
120.11719	0.014904392	-1	0.099800596	0.18271002	0.29026256	0.43304998
120.36133	0.014898148	-1	0.09938463	0.18193124	0.28898899	0.43288525
120.60547	0.014849031	-1	0.098971522	0.18115755	0.28772373	0.43259961
120.84961	0.014788729	-1	0.098560898	0.18038886	0.2864673	0.43063636
121.09375	0.014729031	-1	0.098152738	0.17962513	0.285219	0.42868686
121.33789	0.014669442	-1	0.097747371	0.17886631	0.28397932	0.42675102
121.58203	0.01461048	-1	0.097344359	0.17811235	0.28274764	0.42482898
121.82617	0.014551599	-1	0.096943852	0.17736321	0.28152444	0.42292031
122.07031	0.014493356	-1	0.09654598	0.17661885	0.28030907	0.42102492
122.31445	0.014435178	-1	0.096150417	0.17587921	0.27910205	0.41914267
122.55859	0.014377636	-1	0.09575733	0.17514426	0.27790277	0.41727345
122.80273	0.014320154	-1	0.095366793	0.17441412	0.27671156	0.41541735
123.04688	0.014263298	-1	0.094978518	0.17368861	0.2755281	0.41357404
123.29102	0.014206507	-1	0.094881395	0.17296765	0.27435238	0.41174339
123.53516	0.014150319	-1	0.094842716	0.1722512	0.27318448	0.4099253
123.7793	0.014094214	-1	0.094804038	0.17153923	0.27202399	0.40811966
124.02344	0.014038678	-1	0.094765359	0.17083168	0.2708713	0.40632635
124.26758	0.013983253	-1	0.09472668	0.17012876	0.269726	0.40454526
124.51172	0.013928352	-1	0.094688002	0.16943021	0.268588	0.40277628
124.75586	0.013873602	-1	0.094649323	0.16873595	0.26745761	0.4010193
125	0.01381932	-1	0.094526076	0.16804596	0.26633437	0.39927421
125.24414	0.013765239	-1	0.09414812	0.16736024	0.26521827	0.3975409
125.48828	0.013711561	-1	0.093772333	0.16667896	0.26410957	0.39581926
125.73242	0.013658143	-1	0.093398949	0.16600183	0.26300785	0.39410918
125.97656	0.013605052	-1	0.09302784	0.16532879	0.26191306	0.39241055
126.2207	0.013552293	-1	0.092658855	0.16465983	0.26082546	0.39072328
126.46484	0.013499773	-1	0.092291983	0.16399522	0.25974474	0.38904723
126.70898	0.013447667	-1	0.091927557	0.16333459	0.25900542	0.38738233
126.95313	0.013395704	-1	0.091565224	0.16267791	0.25890375	0.38572844
127.19727	0.013344244	-1	0.091204959	0.16202528	0.25880207	0.38408548
127.44141	0.013292822	-1	0.090846754	0.16137675	0.25870039	0.38245333
127.68555	0.013242005	-1	0.090490921	0.16073205	0.25859872	0.3808319
127.92969	0.013191187	-1	0.090137115	0.16009114	0.2578441	0.37922117
128.17383	0.013140927	-1	0.089785323	0.1594544	0.25679071	0.37762106
128.41797	0.013090746	-1	0.089435533	0.15882137	0.25574386	0.37603136
128.66211	0.013040992	-1	0.089087942	0.15819201	0.25470373	0.37445198
128.90625	0.012991442	-1	0.088742418	0.1575667	0.25367005	0.37288281
129.15039	0.012942178	-1	0.088398854	0.15694503	0.25264275	0.37132379
129.39453	0.012893254	-1	0.088057238	0.15632693	0.25162178	0.36977503
129.63867	0.012844465	-1	0.08771756	0.15571281	0.25060709	0.3682362
129.88281	0.012796162	-1	0.087380055	0.15510221	0.24959873	0.36670719
130.12695	0.012747858	-1	0.087044478	0.15449515	0.24859666	0.36618212
130.37109	0.012700146	-1	0.086710798	0.15389192	0.24760071	0.36604191
130.61523	0.012652458	-1	0.086379001	0.15329207	0.24661085	0.36590169
130.85938	0.012605187	-1	0.086049077	0.15269586	0.24562702	0.36576148
131.10352	0.012558109	-1	0.08572114	0.1521032	0.24464918	0.36458911
131.34766	0.012511265	-1	0.085395158	0.15151383	0.24367728	0.36309369
131.5918	0.012464792	-1	0.085071008	0.15112162	0.24271129	0.3616077
131.83594	0.012418362	-1	0.084748679	0.15106115	0.24175119	0.36013097
132.08008	0.012372488	-1	0.08442816	0.15100068	0.24079696	0.35866371
132.32422	0.012326614	-1	0.084109438	0.15094022	0.23984848	0.35720568
132.56836	0.012281178	-1	0.08379255	0.15087975	0.23890571	0.35575664
132.8125	0.012235898	-1	0.083477585	0.15081929	0.23796859	0.35431692
133.05664	0.012190842	-1	0.083164379	0.15060755	0.2370371	0.35288608
133.30078	0.012146152	-1	0.082852921	0.15003275	0.23611118	0.3514641
133.54492	0.012101462	-1	0.082543198	0.14946158	0.23519078	0.35005114
133.78906	0.012057356	-1	0.082235201	0.14889348	0.23427587	0.34864674
134.0332	0.012013251	-1	0.081928918	0.1483288	0.2333664	0.34725126
134.27734	0.011969493	-1	0.081624338	0.14776729	0.23246233	0.34586425
134.52148	0.011925966	-1	0.081321512	0.14720902	0.23156362	0.34448587
134.76563	0.011882544	-1	0.081020453	0.14665398	0.23067021	0.34311594
135.00977	0.011839591	-1	0.080721059	0.14610205	0.22978207	0.34175439
135.25391	0.011796638	-1	0.080423318	0.14555337	0.22889916	0.34040125
135.49805	0.011754106	-1	0.080127221	0.14500769	0.22802143	0.33905629
135.74219	0.011711723	-1	0.079832756	0.14446526	0.22714883	0.33771961
135.98633	0.011669494	-1	0.079539913	0.14392575	0.22628134	0.33639099
136.23047	0.011627674	-1	0.079248681	0.14338945	0.2254189	0.33507048
136.47461	0.011585855	-1	0.078959049	0.14285604	0.22456148	0.33375796
136.71875	0.011544476	-1	0.078671007	0.14232578	0.22370902	0.33245332
136.96289	0.011503215	-1	0.078384544	0.14179839	0.22286156	0.33115665
137.20703	0.01146211	-1	0.07809965	0.14127404	0.22201905	0.32986757
137.45117	0.011421403	-1	0.077816395	0.14075259	0.22118139	0.32858651
137.69531	0.011380696	-1	0.077534687	0.14023406	0.22034855	0.32731289
137.93945	0.011340401	-1	0.077254511	0.13971847	0.21952049	0.32604702
138.18359	0.011300243	-1	0.076975856	0.13920564	0.21869715	0.32478866
138.42773	0.011260192	-1	0.076698712	0.13869584	0.21787852	0.32353763
138.67188	0.011220577	-1	0.07642307	0.13818861	0.21706453	0.3222943
138.91602	0.011180963	-1	0.076148918	0.13768453	0.21625516	0.32105816
139.16016	0.011141682	-1	0.075876246	0.13718298	0.21545056	0.3198293
139.4043	0.011102607	-1	0.075605044	0.13668434	0.21465051	0.31860784
139.64844	0.011063542	-1	0.075335303	0.1361884	0.21385495	0.31739342
139.89258	0.011025	-1	0.075067011	0.13569511	0.21306387	0.31618612
140.13672	0.010986459	-1	0.074800159	0.1352047	0.2122772	0.31498605
140.38086	0.010948126	-1	0.074534737	0.13471676	0.21149494	0.31379288
140.625	0.010910114	-1	0.074270734	0.13423171	0.21101965	0.3130668
140.86914	0.010872102	-1	0.074008141	0.1337492	0.21093684	0.31294652
141.11328	0.01083448	-1	0.073746948	0.13326924	0.21085404	0.31282624
141.35742	0.010796992	-1	0.073487145	0.13279208	0.21077123	0.31270596
141.60156	0.01075954	-1	0.073228722	0.13231733	0.21068842	0.31244904
141.8457	0.010722572	-1	0.072971669	0.13184525	0.21044458	0.31127852
142.08984	0.010685604	-1	0.072715976	0.13137575	0.2096788	0.31011466
142.33398	0.010648826	-1	0.072461634	0.1309086	0.20891723	0.30895751
142.57813	0.010612372	-1	0.072208633	0.13044421	0.20816009	0.30780716
142.82227	0.010575919	-1	0.071956962	0.12998222	0.20740706	0.30666332
143.06641	0.010539795	-1	0.071706614	0.12952254	0.20665811	0.30552597
143.31055	0.010503851	-1	0.071457577	0.12906563	0.2059132	0.30439504
143.55469	0.010467907	-1	0.071209842	0.12861101	0.20517264	0.30327072
143.79883	0.010432416	-1	0.0709634	0.12815867	0.20443605	0.30215278
144.04297	0.010396977	-1	0.070718241	0.12770903	0.20370341	0.30104113
144.28711	0.010361598	-1	0.070474355	0.12726165	0.20297475	0.29993574
144.53125	0.010326659	-1	0.070231734	0.1268165	0.20225025	0.29883655
144.77539	0.010291721	-1	0.069990367	0.12637395	0.20152958	0.29774357
145.01953	0.01025694	-1	0.069750246	0.12593366	0.20081271	0.29665686
145.26367	0.010222497	-1	0.069511361	0.12549557	0.20009994	0.29557622
145.50781	0.010188054	-1	0.069273703	0.12505991	0.19939097	0.2945016
145.75195	0.01015385	-1	0.069037297	0.12462658	0.1986857	0.29343297
145.99609	0.010119898	-1	0.068802151	0.12419541	0.19798437	0.29237028
146.24023	0.010085946	-1	0.068568209	0.12376646	0.19728682	0.29131349
146.48438	0.0100523	-1	0.068335461	0.12333996	0.19659288	0.29026256
146.72852	0.010018834	-1	0.068103898	0.12291558	0.19590279	0.28921746
146.97266	0.0099853683	-1	0.067873511	0.12249331	0.1952164	0.28817824
147.2168	0.0099522616	-1	0.067644291	0.12207332	0.19453351	0.28714474
147.46094	0.0099192772	-1	0.067416229	0.1216556	0.19385446	0.28611692
147.70508	0.0098862928	-1	0.067189315	0.12123995	0.19317896	0.28509475
147.94922	0.0098774653	-1	0.066963541	0.12082637	0.19250688	0.28407819
148.19336	0.0098734666	-1	0.066738898	0.12045871	0.19183866	0.28306718
148.4375	0.009869468	-1	0.066515376	0.12041085	0.19117378	0.2820617
148.68164	0.0098654693	-1	0.066292968	0.12036298	0.19051243	0.2810617
148.92578	0.0098614706	-1	0.066071796	0.12031512	0.18985466	0.28006715
149.16992	0.009857472	-1	0.06585173	0.12026726	0.18920014	0.27907799
149.41406	0.0098534733	-1	0.065632756	0.12021939	0.18854933	0.27809421
149.6582	0.0098494746	-1	0.065414863	0.12017153	0.18790175	0.27711574
149.90234	0.009845476	-1	0.065198044	0.1200382	0.1872576	0.27614256
150.14648	0.0098414773	-1	0.064982289	0.11731665	0.18661687	0.27517462
150.39063	0.0098374786	-1	0.064767589	0.11782385	0.18597931	0.2742119
150.63477	0.00983348	-1	0.064553937	0.11862377	0.18534531	0.27325433
150.87891	0.0098294813	-1	0.064341341	0.11772068	0.18471435	0.2723019
151.12305	0.0098254826	-1	0.064129935	0.1165081	0.18408691	0.27135456
151.36719	0.009821484	-1	0.063919553	0.11534796	0.18346252	0.27041227
151.61133	0.0098174853	-1	0.063710189	0.1148722	0.18284148	0.26947499
151.85547	0.0098134867	-1	0.063501833	0.11449123	0.18222357	0.26854269
152.09961	0.009809488	-1	0.063294477	0.11411212	0.18160885	0.26761532
152.34375	0.0098054893	-1	0.063088112	0.11393358	0.18099732	0.26669289
152.58789	0.0098014907	-1	0.062882731	0.11388838	0.18038886	0.26577541
152.83203	0.009797492	-1	0.062678487	0.11384319	0.1797836	0.26486275
153.07617	0.0097934933	-1	0.062475255	0.113798	0.17918133	0.2639549
153.32031	0.0097894947	-1	0.062272985	0.1137528	0.17858224	0.2630518
153.56445	0.009785496	-1	0.06207167	0.11370761	0.17798608	0.26215342
153.80859	0.0097566045	-1	0.061871299	0.11366241	0.17739307	0.26125973
154.05273	0.0097256371	-1	0.061671866	0.11345228	0.17680297	0.26037069
154.29688	0.0096946696	-1	0.061473452	0.11308202	0.17621593	0.25948625
154.54102	0.0096640867	-1	0.0612761	0.11271354	0.1756318	0.2586065
154.78516	0.0096335713	-1	0.061079665	0.11234692	0.17505065	0.25773138
155.0293	0.0096030559	-1	0.060884139	0.11198222	0.17447243	0.25686077
155.27344	0.0095728753	-1	0.060689513	0.11161927	0.17389706	0.25599463
155.51758	0.0095428076	-1	0.060495779	0.11125808	0.17332468	0.25513293
155.76172	0.0095127399	-1	0.060303083	0.11089863	0.172755	0.25427562
156.00586	0.0094829444	-1	0.060111364	0.11054091	0.17218838	0.25342282
156.25	0.0094533199	-1	0.059920517	0.11018492	0.17162433	0.25257447
156.49414	0.0094236955	-1	0.059730534	0.10983064	0.17106339	0.25173042
156.73828	0.0093942682	-1	0.059541408	0.10947821	0.17050501	0.25089064
156.98242	0.0093650826	-1	0.059353205	0.10912749	0.16994953	0.25005509
157.22656	0.0093358971	-1	0.05916604	0.10877846	0.16939676	0.24958784
157.4707	0.0093068214	-1	0.058979711	0.10843109	0.16884665	0.24949186
157.71484	0.0092780703	-1	0.058794211	0.10808538	0.16829942	0.24939589
157.95898	0.0092493192	-1	0.058609531	0.10774133	0.16775466	0.24929991
158.20313	0.0092205786	-1	0.058425752	0.10739892	0.16721283	0.24920393
158.44727	0.0091922577	-1	0.058242981	0.10705815	0.16667352	0.24864293
158.69141	0.0091639368	-1	0.058061011	0.106719	0.16613684	0.24782435
158.93555	0.0091356159	-1	0.057879834	0.10638149	0.16560291	0.24700998
159.17969	0.0091076199	-1	0.057699444	0.10604568	0.16507139	0.24619964
159.42383	0.0090797249	-1	0.057520019	0.10571146	0.16454267	0.24539328
159.66797	0.0090518299	-1	0.057341485	0.10537882	0.16401644	0.24459104
159.91211	0.0090241324	-1	0.057163717	0.10504776	0.16349264	0.2437929
160.15625	0.0089966589	-1	0.056986708	0.10471826	0.16297164	0.24299865
160.40039	0.0089691855	-1	0.056810503	0.10439032	0.16245299	0.24220826
160.64453	0.0089417706	-1	0.056635311	0.10406393	0.16193684	0.24142201
160.88867	0.0089147145	-1	0.05646086	0.10373907	0.16142332	0.24063962
161.13281	0.0088876583	-1	0.056287141	0.10341574	0.16091212	0.23986099
161.37695	0.0088606022	-1	0.056114147	0.10309394	0.16040344	0.23908629
161.62109	0.0088338674	-1	0.055942175	0.10277364	0.15989729	0.2383155
161.86523	0.0088072244	-1	0.055770947	0.10245485	0.1593934	0.23754839
162.10938	0.0087805813	-1	0.055600426	0.10213755	0.15889202	0.23678504
162.35352	0.0087540939	-1	0.055430605	0.10182174	0.1583931	0.23602561
162.59766	0.0087278597	-1	-1	0.1015074	0.15789641	0.23526976
162.8418	0.0087016255	-1	-1	0.10119453	0.15740215	0.2345176
163.08594	0.0086753913	-1	-1	0.10088311	0.15691034	0.23376927
163.33008	0.0086495408	-1	-1	0.10057315	0.15642073	0.23302444
163.57422	0.0086237112	-1	-1	0.10026465	0.15593341	0.23228328
163.81836	0.0085978816	-1	-1	0.099957584	0.15544859	0.23154582
164.0625	0.0085722443	-1	-1	0.099651939	0.15496594	0.23081176
164.30664	0.0085468152	-1	-1	0.099347704	0.15448545	0.23008142
164.55078	0.0085213861	-1	-1	0.099044872	-1	0.22935458
164.79492	0.008495957	-1	-1	0.098743432	-1	0.22863108
165.03906	0.0084709145	-1	-1	0.098443378	-1	0.22791136
165.2832	0.0084458816	-1	-1	0.0981447	-1	0.2271949
165.52734	0.0084208488	-1	-1	0.097847389	-1	0.22648194
165.77148	0.0083959862	-1	-1	0.097551438	-1	0.22577245
166.01563	0.0083713456	-1	-1	0.097256838	-1	0.22506617
166.25977	0.0083467049	-1	-1	0.09696358	-1	0.22436355
166.50391	0.0083220642	-1	-1	0.096671656	-1	0.22366405
166.74805	0.0082977553	-1	-1	0.096381058	-1	0.22296803
166.99219	0.0082735027	-1	-1	0.096091779	-1	0.22227526
167.23633	0.00824925	-1	-1	0.095803841	-1	0.22158573
167.48047	0.0082250888	-1	-1	0.095517207	-1	0.22089959
167.72461	0.0082012201	-1	-1	0.095231871	-1	0.22021649
167.96875	0.0081773514	-1	-1	0.094947822	-1	0.21953689
168.21289	0.0081534826	-1	-1	0.094665054	-1	0.21886022
168.45703	0.008129835	-1	-1	0.094383558	-1	0.218187
168.70117	0.0081063462	-1	-1	0.094103325	-1	0.21751672
168.94531	0.0080828574	-1	-1	0.093824348	-1	0.21684977
169.18945	0.0080593685	-1	-1	0.093546619	-1	0.21618579
169.43359	0.008036213	-1	-1	0.093270129	-1	0.21552503
169.67773	0.0080130999	-1	-1	0.092994871	-1	0.21486727
169.92188	0.0079899869	-1	-1	0.092720836	-1	0.21421264
170.16602	0.0079669302	-1	-1	0.092448016	-1	0.21356099
170.41016	0.007944189	-1	-1	0.092176404	-1	0.21291244
170.6543	0.0079214478	-1	-1	0.091905991	-1	0.21226682
170.89844	0.0078987065	-1	-1	0.091636769	-1	0.21162427
171.14258	0.0078761034	-1	-1	0.091368731	-1	0.21098459
171.38672	0.0078537299	-1	-1	0.091101869	-1	0.21034798
171.63086	0.0078313565	-1	-1	0.090836175	-1	0.20971416
171.875	0.007808983	-1	-1	0.090571696	-1	0.20908343
172.11914	0.0077868126	-1	-1	0.090308426	-1	0.20845538
172.36328	0.007764803	-1	-1	0.090046304	-1	0.20783046
172.60742	0.0077427933	-1	-1	0.089785323	-1	0.20720813
172.85156	0.0077207837	-1	-1	0.089525474	-1	0.20658892
173.0957	0.0076990255	-1	-1	0.08926675	-1	0.20597232
173.33984	0.0076773756	-1	-1	0.089009143	-1	0.20535867
173.58398	0.0076557258	-1	-1	0.088752646	-1	0.20474773
173.82813	0.007634076	-1	-1	0.088497251	-1	0.20413955
174.07227	0.0076127097	-1	-1	0.08824295	-1	0.20353422
174.31641	0.0075914158	-1	-1	0.087989736	-1	0.20293143
174.56055	0.0075701218	-1	-1	0.087737721	-1	0.20233164
174.80469	0.0075488279	-1	-1	0.08748681	-1	0.20173433
175.04883	0.0075278336	-1	-1	0.087236967	-1	0.20113985
175.29297	0.0075068916	-1	-1	0.086988185	-1	0.200548
175.53711	0.0074859496	-1	-1	0.086740455	-1	0.19995869
175.78125	0.0074650076	-1	-1	0.08649377	-1	0.19937224
176.02539	0.0074443656	-1	-1	0.086248123	-1	0.19878821
176.26953	0.0074237717	-1	-1	0.086003506	-1	0.19820693
176.51367	0.0074031778	-1	-1	0.085759978	-1	0.19762821
176.75781	0.0073825838	-1	-1	0.085517581	-1	0.19705191
177.00195	0.0073622747	-1	-1	0.085276196	-1	0.19647845
177.24609	0.0073420249	-1	-1	0.085035816	-1	0.19590735
177.49023	0.0073217752	-1	-1	0.084796432	-1	0.19533879
177.73438	0.0073015254	-1	-1	0.084558039	-1	0.19477286
177.97852	0.00728153	-1	-1	0.084320628	-1	0.19420926
178.22266	0.0072616206	-1	-1	0.084084221	-1	0.19364827
178.4668	0.0072417112	-1	-1	0.083848959	-1	0.19308977
178.71094	0.0072218018	-1	-1	0.083614661	-1	0.19253355
178.95508	0.0072021013	-1	-1	0.083381321	-1	0.19197997
179.19922	0.0071825283	-1	-1	0.08314893	-1	0.19142877
179.44336	0.0071629554	-1	-1	0.082917483	-1	0.19087983
179.6875	0.0071433825	-1	-1	0.082686972	-1	0.1903335
179.93164	0.0071239583	-1	-1	0.082457546	-1	0.1897895
180.17578	0.007104718	-1	-1	0.082229114	-1	0.18924772
180.41992	0.0070854777	-1	-1	0.082001599	-1	0.18870848
180.66406	0.0070662375	-1	-1	0.081864312	-1	0.18817155
180.9082	0.0070470713	-1	-1	0.081832361	-1	0.18763683
181.15234	0.00702816	-1	-1	0.08180041	-1	0.18710451
181.39648	0.0070092486	-1	-1	0.081768459	-1	0.18657456
181.64063	0.0069903372	-1	-1	0.081736507	-1	0.18604678
181.88477	0.0069714259	-1	-1	0.081704556	-1	0.18552123
182.12891	0.0069528249	-1	-1	0.081672605	-1	0.18499814
182.37305	0.0069342386	-1	-1	0.081640654	-1	0.18447719
182.61719	0.0069156524	-1	-1	0.081608703	-1	0.18395836
182.86133	0.0068970661	-1	-1	0.081401602	-1	0.18344192
183.10547	0.0068786837	-1	-1	0.081179738	-1	-1
183.34961	0.0068604188	-1	-1	0.080958741	-1	-1
183.59375	0.006842154	-1	-1	0.080738601	-1	-1
183.83789	0.0068238891	-1	-1	0.080519317	-1	-1
184.08203	0.0068057078	-1	-1	0.080301142	-1	-1
184.32617	0.0067877606	-1	-1	0.080083808	-1	-1
184.57031	0.0067698134	-1	-1	0.07986731	-1	-1
184.81445	0.0067518661	-1	-1	0.07965164	-1	-1
185.05859	0.0067339189	-1	-1	0.079436791	-1	-1
185.30273	0.0067162356	-1	-1	0.07922303	-1	-1
185.54688	0.0066986023	-1	-1	0.07901009	-1	-1
185.79102	0.006680969	-1	-1	0.078797954	-1	-1
186.03516	0.0066633357	-1	-1	0.078586617	-1	-1
186.2793	0.006645816	-1	-1	0.078376125	-1	-1
186.52344	0.0066284929	-1	-1	0.078166661	-1	-1
186.76758	0.0066111699	-1	-1	0.07795798	-1	-1
187.01172	0.0065938469	-1	-1	0.077750073	-1	-1
187.25586	0.0065765238	-1	-1	0.077542934	-1	-1
187.5	0.0065594576	-1	-1	0.077336748	-1	-1
187.74414	0.0065424412	-1	-1	-1	-1	-1
187.98828	0.0065254247	-1	-1	-1	-1	-1
188.23242	0.0065084083	-1	-1	-1	-1	-1
188.47656	0.0064914692	-1	-1	-1	-1	-1
188.7207	0.0064747557	-1	-1	-1	-1	-1
188.96484	0.0064580422	-1	-1	-1	-1	-1
189.20898	0.0064413287	-1	-1	-1	-1	-1
189.45313	0.0064246153	-1	-1	-1	-1	-1
189.69727	0.0064080866	-1	-1	-1	-1	-1
189.94141	0.0063916724	-1	-1	-1	-1	-1
190.18555	0.0063752583	-1	-1	-1	-1	-1
190.42969	0.0063588442	-1	-1	-1	-1	-1
190.67383	0.00634243	-1	-1	-1	-1	-1
190.91797	0.0063262889	-1	-1	-1	-1	-1
191.16211	0.0063101705	-1	-1	-1	-1	-1
191.40625	0.0062940522	-1	-1	-1	-1	-1
191.65039	0.0062779338	-1	-1	-1	-1	-1
191.89453	0.0062618656	-1	-1	-1	-1	-1
192.13867	0.0062460394	-1	-1	-1	-1	-1
192.38281	0.0062302131	-1	-1	-1	-1	-1
192.62695	0.0062143869	-1	-1	-1	-1	-1
192.87109	0.0061985607	-1	-1	-1	-1	-1
193.11523	0.006182839	-1	-1	-1	-1	-1
193.35938	0.0061673014	-1	-1	-1	-1	-1
193.60352	0.0061517638	-1	-1	-1	-1	-1
193.84766	0.0061362262	-1	-1	-1	-1	-1
194.0918	0.0061206886	-1	-1	-1	-1	-1
194.33594	0.0061052915	-1	-1	-1	-1	-1
194.58008	0.006090039	-1	-1	-1	-1	-1
194.82422	0.0060747865	-1	-1	-1	-1	-1
195.06836	0.0060595339	-1	-1	-1	-1	-1
195.3125	0.0060442814	-1	-1	-1	-1	-1
195.55664	0.0060291875	-1	-1	-1	-1	-1
195.80078	0.0060142166	-1	-1	-1	-1	-1
196.04492	0.0059992456	-1	-1	-1	-1	-1
196.28906	0.0059842747	-1	-1	-1	-1	-1
196.5332	0.0059693037	-1	-1	-1	-1	-1
196.77734	0.0059544918	-1	-1	-1	-1	-1
197.02148	-1	-1	-1	-1	-1	-1
197.26563	-1	-1	-1	-1	-1	-1
197.50977	-1	-1	-1	-1	-1	-1
197.75391	-1	-1	-1	-1	-1	-1
197.99805	-1	-1	-1	-1	-1	-1
198.24219	-1	-1	-1	-1	-1	-1
198.48633	-1	-1	-1	-1	-1	-1
198.73047	-1	-1	-1	-1	-1	-1
198.97461	-1	-1	-1	-1	-1	-1
199.21875	-1	-1	-1	-1	-1	-1
199.46289	-1	-1	-1	-1	-1	-1
199.70703	-1	-1	-1	-1	-1	-1
199.95117	-1	-1	-1	-1	-1	-1
