30	4.8967494	-1	-1	-1	-1
32	4.8791168	-1	-1	-1	-1
34	4.8760884	-1	-1	-1	-1
36	4.8609761	-1	-1	-1	-1
38	4.8482882	-1	-1	-1	-1
40	4.840756	-1	-1	-1	-1
42	4.8383164	-1	-1	-1	-1
44	4.8307529	-1	-1	-1	-1
46	4.830124	-1	-1	-1	-1
48	4.827951	-1	-1	-1	-1
50	4.8275446	-1	-1	-1	-1
52	4.8249432	-1	-1	-1	-1
54	4.8222589	-1	-1	-1	-1
56	4.8144423	5.0644475	-1	-1	-1
58	4.8085229	5.0401948	-1	-1	-1
60	4.806971	5.0185956	-1	-1	-1
62	4.8041853	5.0119051	-1	-1	-1
64	4.7999763	4.9936355	-1	-1	-1
66	4.7961336	4.9771468	-1	-1	-1
68	-1	4.9650273	-1	-1	-1
70	-1	4.9584604	-1	-1	-1
72	-1	4.9454632	-1	-1	-1
74	-1	4.9335745	-1	-1	-1
76	-1	4.9226676	-1	-1	-1
78	-1	4.9126336	-1	-1	-1
80	-1	4.9105512	-1	-1	-1
82	-1	4.9019038	-1	-1	-1
84	-1	4.8936083	-1	-1	-1
86	-1	4.8859075	-1	-1	-1
88	-1	4.8787416	5.1401821	-1	-1
90	-1	4.8720604	5.1200793	-1	-1
92	-1	4.8658191	5.1014656	-1	-1
94	-1	4.8599783	5.0941866	-1	-1
96	-1	4.8545029	5.0776185	-1	-1
98	-1	4.8493616	5.0621833	-1	-1
100	-1	4.8445264	5.0477757	-1	-1
102	-1	4.8399722	5.0425478	-1	-1
104	-1	4.8356765	5.029651	-1	-1
106	-1	4.8316201	5.0174614	-1	-1
108	-1	4.8277834	5.0060087	-1	-1
110	-1	4.8241498	4.9952319	-1	-1
112	-1	4.8207042	4.9874092	-1	-1
114	-1	4.8188838	4.9820283	-1	-1
116	-1	4.8177663	4.9727171	-1	-1
118	-1	4.8146862	4.96391	-1	-1
120	-1	4.8117527	4.9555697	5.1777631	-1
122	-1	4.8089561	4.9476624	5.1696399	-1
124	-1	4.8062871	4.9401573	5.1538698	-1
126	-1	4.8037378	4.9330272	5.1386815	-1
128	-1	4.8013005	4.9262464	5.1313248	-1
130	-1	4.7989677	4.9219437	5.1183168	-1
132	-1	4.7967329	4.9183934	5.1051199	-1
134	-1	4.7945903	4.9123674	5.0925912	-1
136	-1	4.7925341	4.9066149	5.0831495	-1
138	-1	4.7905593	4.9011186	5.076015	-1
140	-1	4.7886612	4.8958629	5.0649979	-1
142	-1	4.7868353	4.8908331	5.0544981	-1
144	-1	4.7850775	4.8860156	5.044482	-1
146	-1	4.7833841	4.8813981	5.0349193	-1
148	-1	4.7817517	4.8769699	5.0257834	-1
150	-1	4.7801768	4.8727192	5.0216241	-1
152	-1	4.7786563	4.868636	5.014027	-1
154	-1	4.7771872	4.8626581	5.0058541	-1
156	-1	4.775767	4.8576416	4.9980207	-1
158	-1	4.774393	4.8540974	4.9905072	5.1726284
160	-1	4.7730631	4.8506837	4.9832955	5.1598796
162	-1	-1	4.8473936	4.9763689	5.1476773
164	-1	-1	4.8442207	4.9697117	5.1359891
166	-1	-1	4.8411591	4.9633094	5.130931
168	-1	-1	4.8382036	4.9571684	5.1200023
170	-1	-1	4.8353489	4.9553848	5.1095131
172	-1	-1	4.8325896	4.9495605	5.0994383
174	-1	-1	4.8299213	4.9439463	5.0944412
176	-1	-1	4.8273397	4.9385317	5.085808
178	-1	-1	4.8248406	4.9333067	5.0766989
180	-1	-1	4.8224202	4.9282621	5.0679284
182	-1	-1	4.8200749	4.9233892	5.0596332
184	-1	-1	4.8178014	4.9186797	5.0561951
186	-1	-1	4.8155963	4.9141261	5.0482146
188	-1	-1	4.8134569	4.9097211	5.0405148
190	-1	-1	4.8112131	4.9054585	5.0330826
192	-1	-1	4.8080678	4.9013311	5.0300113
194	-1	-1	4.8053628	4.8973328	5.0232867
196	-1	-1	4.8035017	4.8945882	5.0164756
198	-1	-1	4.8016919	4.8926903	5.0098878
200	-1	-1	4.7999311	4.8889808	5.0035132
202	-1	-1	-1	4.8853817	4.9973421
204	-1	-1	-1	4.8818882	4.9914702
206	-1	-1	-1	4.878496	4.9893577
208	-1	-1	-1	4.8752009	4.9836602
210	-1	-1	-1	4.8719992	4.9781365
212	-1	-1	-1	4.868887	4.9727785
214	-1	-1	-1	4.8658605	4.9675791
216	-1	-1	-1	4.8629162	4.9625317
218	-1	-1	-1	4.8600511	4.95763
220	-1	-1	-1	4.857262	4.9528681
222	-1	-1	-1	4.854546	4.9482405
224	-1	-1	-1	4.8519004	4.9437416
226	-1	-1	-1	4.8493224	4.9393666
228	-1	-1	-1	4.8468096	4.9351105
230	-1	-1	-1	4.8443597	4.930969
232	-1	-1	-1	4.8419705	4.9269379
234	-1	-1	-1	4.8396395	4.9230126
236	-1	-1	-1	4.8373647	4.9191893
238	-1	-1	-1	4.8351441	4.9157198
240	-1	-1	-1	4.8329758	4.9145218
242	-1	-1	-1	4.830858	4.9109325
244	-1	-1	-1	4.8287888	4.9074324
246	-1	-1	-1	4.8267667	4.9040184
248	-1	-1	-1	4.8247901	4.9006874
250	-1	-1	-1	4.8228574	4.8974365
252	-1	-1	-1	4.8209674	4.8942634
254	-1	-1	-1	4.8191184	4.891165
256	-1	-1	-1	4.8173092	4.8881388
258	-1	-1	-1	4.8155383	4.8851823
260	-1	-1	-1	4.8138047	4.8822931
262	-1	-1	-1	4.8121071	4.8794692
264	-1	-1	-1	4.8104443	4.8767083
266	-1	-1	-1	4.8088152	4.8740084
268	-1	-1	-1	4.8072189	4.8713675
270	-1	-1	-1	4.8056543	4.8687838
272	-1	-1	-1	4.8041205	4.8662556
274	-1	-1	-1	4.8026166	4.8637811
276	-1	-1	-1	4.8011415	4.8613586
278	-1	-1	-1	4.7996945	4.8589863
280	-1	-1	-1	4.7982747	4.8566629
282	-1	-1	-1	4.7968813	4.8543867
284	-1	-1	-1	4.7955135	4.8521565
286	-1	-1	-1	4.7941706	4.8499708
288	-1	-1	-1	4.7928518	4.8478282
290	-1	-1	-1	4.7915565	4.8457276
292	-1	-1	-1	4.790284	4.8436677
294	-1	-1	-1	4.7890339	4.8416476
296	-1	-1	-1	4.7878052	4.8396658
298	-1	-1	-1	4.7865975	-1
300	-1	-1	-1	-1	-1
