30	4.8967494	-1	-1	-1	-1
32	4.8772464	-1	-1	-1	-1
34	4.8752217	-1	-1	-1	-1
36	4.8609761	-1	-1	-1	-1
38	4.8482882	-1	-1	-1	-1
40	4.8461328	-1	-1	-1	-1
42	4.8383164	-1	-1	-1	-1
44	4.8340391	-1	-1	-1	-1
46	4.8303854	-1	-1	-1	-1
48	4.82279	-1	-1	-1	-1
50	4.8204536	-1	-1	-1	-1
52	4.817345	-1	-1	-1	-1
54	4.8114958	-1	-1	-1	-1
56	4.8062559	5.0644475	-1	-1	-1
58	4.8015407	5.0547869	-1	-1	-1
60	4.798666	5.0322582	-1	-1	-1
62	4.7986654	5.0119105	-1	-1	-1
64	4.7948083	5.0020321	-1	-1	-1
66	4.7912846	4.9883997	-1	-1	-1
68	-1	4.9727144	-1	-1	-1
70	-1	4.9594751	-1	-1	-1
72	-1	4.954938	-1	-1	-1
74	-1	4.9424793	-1	-1	-1
76	-1	4.9310538	-1	-1	-1
78	-1	4.9205467	-1	-1	-1
80	-1	4.9142431	-1	-1	-1
82	-1	4.9091671	-1	-1	-1
84	-1	4.9004949	-1	-1	-1
86	-1	4.8924468	-1	-1	-1
88	-1	4.88496	-1	-1	-1
90	-1	4.8779813	-1	-1	-1
92	-1	4.871464	5.1143959	-1	-1
94	-1	4.8653664	5.1043692	-1	-1
96	-1	4.8596518	5.0872864	-1	-1
98	-1	4.8574168	5.0713763	-1	-1
100	-1	4.8540712	5.0565295	-1	-1
102	-1	4.8491207	5.0484679	-1	-1
104	-1	4.8444532	5.037759	-1	-1
106	-1	4.8400478	5.02521	-1	-1
108	-1	4.8358829	5.0134224	-1	-1
110	-1	4.8319402	5.0023329	-1	-1
112	-1	4.8282031	4.9948005	-1	-1
114	-1	4.8246568	4.9886698	-1	-1
116	-1	4.8212875	4.9790961	-1	-1
118	-1	4.8180828	4.9700423	-1	-1
120	-1	4.8150314	4.9614699	-1	-1
122	-1	4.812123	4.9533439	-1	-1
124	-1	4.8093479	4.9456324	-1	-1
126	-1	4.8066978	4.9383074	-1	-1
128	-1	4.8041646	4.9348583	-1	-1
130	-1	4.803247	4.9297083	5.1338618	-1
132	-1	4.8021641	4.9232217	5.120081	-1
134	-1	4.7998539	4.9170359	5.1071073	-1
136	-1	4.7976379	4.9111316	5.1016577	-1
138	-1	4.7955106	4.9054911	5.0895891	-1
140	-1	4.7934667	4.9000981	5.0781015	-1
142	-1	4.7915015	4.8949375	5.0671564	-1
144	-1	4.7896104	4.8899954	5.0567184	-1
146	-1	4.7877894	4.8852591	5.0467554	-1
148	-1	4.7860349	4.8807174	5.0389693	-1
150	-1	4.7843428	4.8763583	5.0337893	-1
152	-1	4.7827099	4.8721715	5.0249073	-1
154	-1	4.781133	4.8681473	5.0164024	-1
156	-1	4.7796092	4.8642771	5.0082526	-1
158	-1	4.7781358	4.8605524	5.0004374	-1
160	-1	4.7767102	4.8569655	4.9929376	-1
162	-1	-1	4.8535093	4.9857359	-1
164	-1	-1	4.850177	4.9810835	-1
166	-1	-1	4.8469623	4.9766628	-1
168	-1	-1	4.8438597	4.9701387	-1
170	-1	-1	4.8408633	4.9638588	5.13327
172	-1	-1	4.8379679	4.95781	5.1225079
174	-1	-1	4.8351685	4.9519805	5.1121684
176	-1	-1	4.8324606	4.9463592	5.1022285
178	-1	-1	4.8298398	4.9409357	5.0926667
180	-1	-1	4.8273021	4.9357003	5.0863489
182	-1	-1	4.8248436	4.9306438	5.0797367
184	-1	-1	4.8224609	4.9257578	5.0710586
186	-1	-1	4.8201504	4.9210341	5.062692
188	-1	-1	4.8179091	4.919314	5.0546216
190	-1	-1	4.8157341	4.9153906	5.0468336
192	-1	-1	4.8136222	4.9110336	5.0404087
194	-1	-1	4.8115708	4.9068138	5.0364885
196	-1	-1	4.8095772	4.9027252	5.0293574
198	-1	-1	4.8076391	4.898762	5.0224618
200	-1	-1	4.8057542	4.8949188	5.0157907
202	-1	-1	-1	4.8911904	5.009334
204	-1	-1	-1	4.887572	5.003082
206	-1	-1	-1	4.8840589	4.9970256
208	-1	-1	-1	4.8806468	4.9916713
210	-1	-1	-1	4.877332	4.9891802
212	-1	-1	-1	4.8741102	4.9835807
214	-1	-1	-1	4.8709774	4.9781479
216	-1	-1	-1	4.8679303	4.9728749
218	-1	-1	-1	4.8649655	4.9677551
220	-1	-1	-1	4.8620797	4.9627822
222	-1	-1	-1	4.8592699	4.9579502
224	-1	-1	-1	4.8565332	4.9532536
226	-1	-1	-1	4.8538668	4.9486869
228	-1	-1	-1	4.8512682	4.9442452
230	-1	-1	-1	4.848735	4.9399238
232	-1	-1	-1	4.8462648	4.9357182
234	-1	-1	-1	4.8438551	4.9316237
236	-1	-1	-1	4.8415039	4.927636
238	-1	-1	-1	4.8392089	4.9237513
240	-1	-1	-1	4.8369682	4.9199657
242	-1	-1	-1	4.8347799	4.9162757
244	-1	-1	-1	4.8326422	4.9126777
246	-1	-1	-1	4.8305534	4.9091686
248	-1	-1	-1	4.8285118	4.9057451
250	-1	-1	-1	4.8265158	4.9024043
252	-1	-1	-1	4.8245642	4.8991441
254	-1	-1	-1	4.8226552	4.898387
256	-1	-1	-1	4.8207874	4.8952356
258	-1	-1	-1	4.8189595	4.8921575
260	-1	-1	-1	4.8171702	4.8891501
262	-1	-1	-1	4.8154183	4.8862108
264	-1	-1	-1	4.8137025	4.8833376
266	-1	-1	-1	4.8120218	4.8805283
268	-1	-1	-1	4.810375	4.8777807
270	-1	-1	-1	4.8087612	4.875093
272	-1	-1	-1	4.8071793	4.8724633
274	-1	-1	-1	4.8056285	4.8698899
276	-1	-1	-1	4.8041076	4.8673708
278	-1	-1	-1	4.8026158	4.8649044
280	-1	-1	-1	4.8011522	4.862489
282	-1	-1	-1	4.799716	4.8601231
284	-1	-1	-1	4.7983063	4.8578052
286	-1	-1	-1	4.7969225	4.8555339
288	-1	-1	-1	4.7955638	4.8533077
290	-1	-1	-1	4.7942294	4.8511254
292	-1	-1	-1	4.7929187	4.8489856
294	-1	-1	-1	4.791631	4.8468874
296	-1	-1	-1	-1	-1
298	-1	-1	-1	-1	-1
300	-1	-1	-1	-1	-1
