30	4.8967503	-1	-1	-1	-1
32	4.8941933	-1	-1	-1	-1
34	4.8760538	-1	-1	-1	-1
36	4.8609761	-1	-1	-1	-1
38	4.8573981	-1	-1	-1	-1
40	4.8486735	-1	-1	-1	-1
42	4.8417694	-1	-1	-1	-1
44	4.8390503	-1	-1	-1	-1
46	4.8303854	-1	-1	-1	-1
48	4.827744	-1	-1	-1	-1
50	4.8239069	-1	-1	-1	-1
52	4.817345	-1	-1	-1	-1
54	4.8114958	-1	-1	-1	-1
56	4.8062559	5.0644475	-1	-1	-1
58	4.8015399	5.0401948	-1	-1	-1
60	4.8001148	5.031683	-1	-1	-1
62	4.7986654	5.0119105	-1	-1	-1
64	4.7948083	4.9936355	-1	-1	-1
66	4.7912846	4.9831269	-1	-1	-1
68	-1	4.9727144	-1	-1	-1
70	-1	4.9584604	-1	-1	-1
72	-1	4.9454632	-1	-1	-1
74	-1	4.9371057	-1	-1	-1
76	-1	4.9310538	-1	-1	-1
78	-1	4.9205467	-1	-1	-1
80	-1	4.9108587	-1	-1	-1
82	-1	4.9019038	-1	-1	-1
84	-1	4.8936083	-1	-1	-1
86	-1	4.8859075	-1	-1	-1
88	-1	4.8826697	5.1419615	-1	-1
90	-1	4.8779813	5.1312154	-1	-1
92	-1	4.871464	5.1120068	-1	-1
94	-1	4.8653664	5.0941866	-1	-1
96	-1	4.8596518	5.0776185	-1	-1
98	-1	4.8542871	5.0702326	-1	-1
100	-1	4.8492431	5.0565295	-1	-1
102	-1	4.8444933	5.0426497	-1	-1
104	-1	4.8400141	5.029651	-1	-1
106	-1	4.8357855	5.0176773	-1	-1
108	-1	4.8317868	5.0134224	-1	-1
110	-1	4.8280005	5.0023329	-1	-1
112	-1	4.824411	4.9918851	-1	-1
114	-1	4.821004	4.9820283	-1	-1
116	-1	4.8177663	4.9727171	-1	-1
118	-1	4.8147131	4.96391	-1	-1
120	-1	4.8142072	4.9611557	-1	-1
122	-1	4.812123	4.9533439	-1	-1
124	-1	4.8093479	4.9456324	5.1624559	-1
126	-1	4.8066978	4.9383074	5.1469243	-1
128	-1	4.8041646	4.9313422	5.1335412	-1
130	-1	4.8017406	4.9247116	5.1260376	-1
132	-1	4.799419	4.9183934	5.1125513	-1
134	-1	4.7971936	4.9123674	5.0997499	-1
136	-1	4.7950585	4.9066149	5.0875857	-1
138	-1	4.7930083	4.9011186	5.082759	-1
140	-1	4.7910381	4.8958629	5.0715086	-1
142	-1	4.7891434	4.8908331	5.0607879	-1
144	-1	4.7873197	4.8860156	5.0505625	-1
146	-1	4.7855632	4.8813981	5.0408012	-1
148	-1	4.7838704	4.8769699	5.0336051	-1
150	-1	4.7822376	4.8727192	5.0281412	-1
152	-1	4.7806615	4.868636	5.0194349	-1
154	-1	4.7791392	4.864711	5.0110972	-1
156	-1	4.7776678	4.8609357	5.0031068	-1
158	-1	4.7762446	4.857302	4.9954435	5.1866514
160	-1	4.7748673	4.8538024	4.9880888	5.1734537
162	-1	-1	4.8504299	4.9810256	5.160825
164	-1	-1	4.8471779	4.9754068	5.1487314
166	-1	-1	4.8440404	4.9721615	5.1371413
168	-1	-1	4.8410119	4.9657603	5.1321313
170	-1	-1	4.8380869	4.9595983	5.1212707
172	-1	-1	4.8352601	4.9536625	5.1108568
174	-1	-1	4.8325268	4.9479413	5.1008497
176	-1	-1	4.8298825	4.9424241	5.0912274
178	-1	-1	4.827323	4.9371005	5.0819693
180	-1	-1	4.8248444	4.9319611	5.0730563
182	-1	-1	4.822443	4.926997	5.0695008
184	-1	-1	4.8201153	4.9221998	5.0611023
186	-1	-1	4.8178579	4.9175617	5.0529947
188	-1	-1	4.8156679	4.9160737	5.0455332
190	-1	-1	4.8135424	4.912045	5.042207
192	-1	-1	4.8114785	4.9077655	5.0348018
194	-1	-1	4.8094734	4.9036204	5.0276468
196	-1	-1	4.8075247	4.899604	5.0207303
198	-1	-1	4.80563	4.8957104	5.0168441
200	-1	-1	4.803787	4.8919345	5.0116612
202	-1	-1	-1	4.8882712	5.0053007
204	-1	-1	-1	4.8847156	4.9991415
206	-1	-1	-1	4.8812633	4.9931747
208	-1	-1	-1	4.87791	4.9873917
210	-1	-1	-1	4.8746522	4.9817855
212	-1	-1	-1	4.8714854	4.9763479
214	-1	-1	-1	4.8684061	4.9710715
216	-1	-1	-1	4.8654107	4.9659497
218	-1	-1	-1	4.862496	4.9609761
220	-1	-1	-1	4.8596588	4.9561446
222	-1	-1	-1	4.8568962	4.9514495
224	-1	-1	-1	4.8542053	4.9468854
226	-1	-1	-1	4.8515834	4.9449432
228	-1	-1	-1	4.8490279	4.9411747
230	-1	-1	-1	4.8465366	4.9369139
232	-1	-1	-1	4.8441071	4.9327671
234	-1	-1	-1	4.841737	4.9287295
236	-1	-1	-1	4.8394242	4.9247971
238	-1	-1	-1	4.8371666	4.9209661
240	-1	-1	-1	4.8349623	4.9172326
242	-1	-1	-1	4.8328094	4.9135932
244	-1	-1	-1	4.8307062	4.9100444
246	-1	-1	-1	4.8286509	4.906583
248	-1	-1	-1	4.826642	4.903206
250	-1	-1	-1	4.8246778	4.8999104
252	-1	-1	-1	4.8227572	4.8966938
254	-1	-1	-1	4.8208784	4.893553
256	-1	-1	-1	4.81904	4.8904856
258	-1	-1	-1	4.8172408	4.8874889
260	-1	-1	-1	4.8154794	4.8845607
262	-1	-1	-1	4.8137548	4.8816987
264	-1	-1	-1	4.8120657	4.8789007
266	-1	-1	-1	4.8104109	4.8761646
268	-1	-1	-1	4.8087895	4.8734885
270	-1	-1	-1	4.8072004	4.8708704
272	-1	-1	-1	4.8056427	4.8683087
274	-1	-1	-1	4.8041154	4.8658016
276	-1	-1	-1	4.8026176	4.8633471
278	-1	-1	-1	4.8011483	4.8609438
280	-1	-1	-1	4.7997067	4.85859
282	-1	-1	-1	4.798292	4.8562842
284	-1	-1	-1	4.7969034	4.854025
286	-1	-1	-1	4.7955401	4.8518109
288	-1	-1	-1	4.7942015	4.8496408
290	-1	-1	-1	4.7928867	4.8475132
292	-1	-1	-1	4.7915952	-1
294	-1	-1	-1	4.7903264	-1
296	-1	-1	-1	4.7890796	-1
298	-1	-1	-1	-1	-1
300	-1	-1	-1	-1	-1
