30	9.5016534e-011	-1	-1	-1	-1
32	1.6033949e-010	-1	-1	-1	-1
34	1.6943975e-010	-1	-1	-1	-1
36	2.2070215e-010	-1	-1	-1	-1
38	2.4812556e-010	-1	-1	-1	-1
40	2.3943898e-010	-1	-1	-1	-1
42	2.5745947e-010	-1	-1	-1	-1
44	2.5884085e-010	-1	-1	-1	-1
46	2.6505581e-010	-1	-1	-1	-1
48	2.6554332e-010	-1	-1	-1	-1
50	2.4762879e-010	-1	-1	-1	-1
52	2.4816826e-010	-1	-1	-1	-1
54	2.3418361e-010	-1	-1	-1	-1
56	2.0902602e-010	1.2933471e-010	-1	-1	-1
58	1.7956347e-010	4.5668153e-010	-1	-1	-1
60	1.7240212e-010	6.1824142e-010	-1	-1	-1
62	1.6630684e-010	1.075477e-009	-1	-1	-1
64	1.3737584e-010	1.2602333e-009	-1	-1	-1
66	1.2046629e-010	1.1908905e-009	-1	-1	-1
68	-1	1.0990937e-009	-1	-1	-1
70	-1	1.0552728e-009	-1	-1	-1
72	-1	9.7481612e-010	-1	-1	-1
74	-1	9.8495859e-010	-1	-1	-1
76	-1	9.9111363e-010	-1	-1	-1
78	-1	1.0574996e-009	-1	-1	-1
80	-1	1.0660919e-009	-1	-1	-1
82	-1	1.0815858e-009	-1	-1	-1
84	-1	1.1184477e-009	-1	-1	-1
86	-1	1.1361229e-009	-1	-1	-1
88	-1	1.130203e-009	-1	-1	-1
90	-1	1.1254768e-009	1.0304228e-010	-1	-1
92	-1	1.117445e-009	3.7740613e-010	-1	-1
94	-1	1.1280785e-009	9.5738597e-010	-1	-1
96	-1	1.1385802e-009	1.3957382e-009	-1	-1
98	-1	1.0643087e-009	1.9547287e-009	-1	-1
100	-1	1.0248181e-009	2.4882314e-009	-1	-1
102	-1	9.4336323e-010	2.6455043e-009	-1	-1
104	-1	8.8767268e-010	2.511795e-009	-1	-1
106	-1	8.4914825e-010	2.3695773e-009	-1	-1
108	-1	8.3050699e-010	2.2029616e-009	-1	-1
110	-1	8.1652899e-010	2.1153015e-009	-1	-1
112	-1	7.4751005e-010	1.9257823e-009	-1	-1
114	-1	6.9420692e-010	1.9132162e-009	-1	-1
116	-1	6.1362965e-010	1.8517436e-009	-1	-1
118	-1	5.5718917e-010	1.8927275e-009	-1	-1
120	-1	4.8127263e-010	1.9413726e-009	-1	-1
122	-1	4.1951805e-010	1.9463938e-009	-1	-1
124	-1	4.0453925e-010	1.9950974e-009	6.1809205e-011	-1
126	-1	4.0387594e-010	2.0486689e-009	1.7651344e-010	-1
128	-1	4.3532527e-010	2.0141117e-009	2.9943826e-010	-1
130	-1	4.5861573e-010	2.0810098e-009	6.7437584e-010	-1
132	-1	4.6967137e-010	2.0663732e-009	1.186703e-009	-1
134	-1	4.9744848e-010	2.100368e-009	1.7333107e-009	-1
136	-1	5.3442485e-010	2.0923874e-009	1.8397725e-009	-1
138	-1	5.6631748e-010	2.0919971e-009	2.2390077e-009	-1
140	-1	5.5611685e-010	2.0551147e-009	2.3368238e-009	-1
142	-1	5.2314505e-010	2.0130107e-009	2.4187067e-009	-1
144	-1	4.7253147e-010	1.921932e-009	2.2763018e-009	-1
146	-1	3.8844674e-010	1.7428536e-009	2.1260846e-009	-1
148	-1	3.0854353e-010	1.5026183e-009	1.8668388e-009	-1
150	-1	2.5488375e-010	1.2956716e-009	1.5716661e-009	-1
152	-1	2.2339272e-010	1.0908433e-009	1.4343494e-009	-1
154	-1	2.0359339e-010	9.4890676e-010	1.3271504e-009	-1
156	-1	1.8200584e-010	8.4818809e-010	1.2062219e-009	-1
158	-1	1.6782594e-010	8.155235e-010	1.1273402e-009	6.4004193e-011
160	-1	1.6275113e-010	8.4946913e-010	1.0781119e-009	5.7652419e-011
162	-1	-1	8.9870276e-010	1.120799e-009	6.0668763e-011
164	-1	-1	9.692138e-010	1.2110113e-009	7.7784764e-011
166	-1	-1	9.6874764e-010	1.290999e-009	1.2260919e-010
168	-1	-1	9.5585933e-010	1.2903386e-009	1.9562011e-010
170	-1	-1	9.8283623e-010	1.3038187e-009	2.7625909e-010
172	-1	-1	9.9054835e-010	1.3104422e-009	3.7050103e-010
174	-1	-1	9.927915e-010	1.2569277e-009	4.2074439e-010
176	-1	-1	9.3231719e-010	1.2537484e-009	4.3875922e-010
178	-1	-1	8.2429128e-010	1.2764985e-009	4.5749539e-010
180	-1	-1	7.3403973e-010	1.2901124e-009	4.7113059e-010
182	-1	-1	6.6959721e-010	1.2889389e-009	4.672342e-010
184	-1	-1	6.2420463e-010	1.3214609e-009	5.1241739e-010
186	-1	-1	6.3975353e-010	1.3736437e-009	5.2292827e-010
188	-1	-1	6.8416569e-010	1.3884133e-009	5.3360927e-010
190	-1	-1	7.7234312e-010	1.4320264e-009	5.5893431e-010
192	-1	-1	9.3059492e-010	1.4719381e-009	6.0977344e-010
194	-1	-1	1.1640467e-009	1.4882004e-009	6.3538769e-010
196	-1	-1	1.4330388e-009	1.4532355e-009	6.5733251e-010
198	-1	-1	1.7201797e-009	1.3618285e-009	6.5859801e-010
200	-1	-1	1.9855872e-009	1.2383823e-009	6.8371265e-010
202	-1	-1	-1	1.130182e-009	6.6631728e-010
204	-1	-1	-1	1.002458e-009	7.0347296e-010
206	-1	-1	-1	8.5715438e-010	7.1260539e-010
208	-1	-1	-1	7.8906976e-010	7.1220952e-010
210	-1	-1	-1	8.2820234e-010	7.2570029e-010
212	-1	-1	-1	1.0149072e-009	7.5840068e-010
214	-1	-1	-1	1.2335582e-009	7.8698716e-010
216	-1	-1	-1	1.392958e-009	7.9266984e-010
218	-1	-1	-1	1.4456787e-009	7.8033054e-010
220	-1	-1	-1	1.4237445e-009	7.773456e-010
222	-1	-1	-1	1.4553707e-009	8.1342927e-010
224	-1	-1	-1	1.5248258e-009	8.1529568e-010
226	-1	-1	-1	1.5572666e-009	7.8218895e-010
228	-1	-1	-1	1.5548812e-009	7.4739818e-010
230	-1	-1	-1	1.4301563e-009	7.3219359e-010
232	-1	-1	-1	1.2507496e-009	7.6084849e-010
234	-1	-1	-1	1.1021618e-009	7.4525604e-010
236	-1	-1	-1	1.0411349e-009	7.0228327e-010
238	-1	-1	-1	1.0538037e-009	6.447804e-010
240	-1	-1	-1	1.1342021e-009	6.1208062e-010
242	-1	-1	-1	1.2217498e-009	6.0483189e-010
244	-1	-1	-1	1.239929e-009	6.0331452e-010
246	-1	-1	-1	1.1960142e-009	5.7237897e-010
248	-1	-1	-1	1.0646602e-009	4.9435707e-010
250	-1	-1	-1	8.7758895e-010	4.6562741e-010
252	-1	-1	-1	6.8003611e-010	4.5704602e-010
254	-1	-1	-1	5.2029978e-010	4.6429399e-010
256	-1	-1	-1	4.2366657e-010	4.5199799e-010
258	-1	-1	-1	3.9011965e-010	4.1890848e-010
260	-1	-1	-1	3.9486282e-010	3.8269431e-010
262	-1	-1	-1	4.1194835e-010	3.521142e-010
264	-1	-1	-1	4.1013107e-010	3.414574e-010
266	-1	-1	-1	3.8118484e-010	3.680869e-010
268	-1	-1	-1	3.2524299e-010	3.6554866e-010
270	-1	-1	-1	2.6830857e-010	3.310607e-010
272	-1	-1	-1	2.3133853e-010	2.7572085e-010
274	-1	-1	-1	2.1378926e-010	2.3535063e-010
276	-1	-1	-1	2.1728334e-010	1.9281649e-010
278	-1	-1	-1	2.3259156e-010	1.8439378e-010
280	-1	-1	-1	2.5111365e-010	1.9101574e-010
282	-1	-1	-1	2.5278992e-010	1.8073697e-010
284	-1	-1	-1	2.3623354e-010	1.4297933e-010
286	-1	-1	-1	1.9783101e-010	1.0641549e-010
288	-1	-1	-1	1.474739e-010	6.7858673e-011
290	-1	-1	-1	1.016393e-010	2.9461701e-011
292	-1	-1	-1	6.4209567e-011	-1
294	-1	-1	-1	3.9276967e-011	-1
296	-1	-1	-1	2.365622e-011	-1
298	-1	-1	-1	-1	-1
300	-1	-1	-1	-1	-1
