40 60 70 90 100 500 
40 59 70 90 100 500 
40 58 70 90 100 500 
40 57 70 90 100 500 
40 56 70 90 100 500 
40 55 70 90 100 500 
40 54 70 90 100 500 
40 53 70 90 100 500 
40 52 70 90 100 500 
40 51 70 90 100 500 
40 50 70 90 100 500 
40 60 80 100 110 500 
40 60 80 99 110 500 
40 60 80 98 110 500 
40 60 80 97 110 500 
40 60 80 96 110 500 
40 60 80 95 110 500 
40 60 80 94 110 500 
40 60 80 93 110 500 
40 60 80 92 110 500 
40 60 80 91 110 500 
40 60 80 90 110 500 
40 59 80 100 110 500 
40 59 80 99 110 500 
40 59 80 98 110 500 
40 59 80 97 110 500 
40 59 80 96 110 500 
40 59 80 95 110 500 
40 59 80 94 110 500 
40 59 80 93 110 500 
40 59 80 92 110 500 
40 59 80 91 110 500 
40 59 80 90 110 500 
40 58 80 100 110 500 
40 58 80 99 110 500 
40 58 80 98 110 500 
40 58 80 97 110 500 
40 58 80 96 110 500 
40 58 80 95 110 500 
40 58 80 94 110 500 
40 58 80 93 110 500 
40 58 80 92 110 500 
40 58 80 91 110 500 
40 58 80 90 110 500 
40 57 80 100 110 500 
40 57 80 99 110 500 
40 57 80 98 110 500 
40 57 80 97 110 500 
40 57 80 96 110 500 
40 57 80 95 110 500 
40 57 80 94 110 500 
40 57 80 93 110 500 
40 57 80 92 110 500 
40 57 80 91 110 500 
40 57 80 90 110 500 
40 56 80 100 110 500 
40 56 80 99 110 500 
40 56 80 98 110 500 
40 56 80 97 110 500 
40 56 80 96 110 500 
40 56 80 95 110 500 
40 56 80 94 110 500 
40 56 80 93 110 500 
40 56 80 92 110 500 
40 56 80 91 110 500 
40 56 80 90 110 500 
40 55 80 100 110 500 
40 55 80 99 110 500 
40 55 80 98 110 500 
40 55 80 97 110 500 
40 55 80 96 110 500 
40 55 80 95 110 500 
40 55 80 94 110 500 
40 55 80 93 110 500 
40 55 80 92 110 500 
40 55 80 91 110 500 
40 55 80 90 110 500 
40 54 80 100 110 500 
40 54 80 99 110 500 
40 54 80 98 110 500 
40 54 80 97 110 500 
40 54 80 96 110 500 
40 54 80 95 110 500 
40 54 80 94 110 500 
40 54 80 93 110 500 
40 54 80 92 110 500 
40 54 80 91 110 500 
40 54 80 90 110 500 
40 53 80 100 110 500 
40 53 80 99 110 500 
40 53 80 98 110 500 
40 53 80 97 110 500 
40 53 80 96 110 500 
40 53 80 95 110 500 
40 53 80 94 110 500 
40 53 80 93 110 500 
40 53 80 92 110 500 
40 53 80 91 110 500 
40 53 80 90 110 500 
40 52 80 100 110 500 
40 52 80 99 110 500 
40 52 80 98 110 500 
40 52 80 97 110 500 
40 52 80 96 110 500 
40 52 80 95 110 500 
40 52 80 94 110 500 
40 52 80 93 110 500 
40 52 80 92 110 500 
40 52 80 91 110 500 
40 52 80 90 110 500 
40 51 80 100 110 500 
40 51 80 99 110 500 
40 51 80 98 110 500 
40 51 80 97 110 500 
40 51 80 96 110 500 
40 51 80 95 110 500 
40 51 80 94 110 500 
40 51 80 93 110 500 
40 51 80 92 110 500 
40 51 80 91 110 500 
40 51 80 90 110 500 
40 50 80 100 110 500 
40 50 80 99 110 500 
40 50 80 98 110 500 
40 50 80 97 110 500 
40 50 80 96 110 500 
40 50 80 95 110 500 
40 50 80 94 110 500 
40 50 80 93 110 500 
40 50 80 92 110 500 
40 50 80 91 110 500 
40 50 80 90 110 500 
40 60 90 110 120 500 
40 60 90 109 120 500 
40 60 90 108 120 500 
40 60 90 107 120 500 
40 60 90 106 120 500 
40 60 90 105 120 500 
40 60 90 104 120 500 
40 60 90 103 120 500 
40 60 90 102 120 500 
40 60 90 101 120 500 
40 60 90 100 120 500 
40 60 90 99 120 500 
40 60 90 98 120 500 
40 60 90 97 120 500 
40 60 90 96 120 500 
40 60 90 95 120 500 
40 60 90 94 120 500 
40 60 90 93 120 500 
40 60 90 92 120 500 
40 59 90 110 120 500 
40 59 90 109 120 500 
40 59 90 108 120 500 
40 59 90 107 120 500 
40 59 90 106 120 500 
40 59 90 105 120 500 
40 59 90 104 120 500 
40 59 90 103 120 500 
40 59 90 102 120 500 
40 59 90 101 120 500 
40 59 90 100 120 500 
40 59 90 99 120 500 
40 59 90 98 120 500 
40 59 90 97 120 500 
40 59 90 96 120 500 
40 59 90 95 120 500 
40 59 90 94 120 500 
40 59 90 93 120 500 
40 59 90 92 120 500 
40 58 90 110 120 500 
40 58 90 109 120 500 
40 58 90 108 120 500 
40 58 90 107 120 500 
40 58 90 106 120 500 
40 58 90 105 120 500 
40 58 90 104 120 500 
40 58 90 103 120 500 
40 58 90 102 120 500 
40 58 90 101 120 500 
40 58 90 100 120 500 
40 58 90 99 120 500 
40 58 90 98 120 500 
40 58 90 97 120 500 
40 58 90 96 120 500 
40 58 90 95 120 500 
40 58 90 94 120 500 
40 58 90 93 120 500 
40 58 90 92 120 500 
40 57 90 110 120 500 
40 57 90 109 120 500 
40 57 90 108 120 500 
40 57 90 107 120 500 
40 57 90 106 120 500 
40 57 90 105 120 500 
40 57 90 104 120 500 
40 57 90 103 120 500 
40 57 90 102 120 500 
40 57 90 101 120 500 
40 57 90 100 120 500 
40 57 90 99 120 500 
40 57 90 98 120 500 
40 57 90 97 120 500 
40 57 90 96 120 500 
40 57 90 95 120 500 
40 57 90 94 120 500 
40 57 90 93 120 500 
40 57 90 92 120 500 
40 56 90 110 120 500 
40 56 90 109 120 500 
40 56 90 108 120 500 
40 56 90 107 120 500 
40 56 90 106 120 500 
40 56 90 105 120 500 
40 56 90 104 120 500 
40 56 90 103 120 500 
40 56 90 102 120 500 
40 56 90 101 120 500 
40 56 90 100 120 500 
40 56 90 99 120 500 
40 56 90 98 120 500 
40 56 90 97 120 500 
40 56 90 96 120 500 
40 56 90 95 120 500 
40 56 90 94 120 500 
40 56 90 93 120 500 
40 56 90 92 120 500 
40 55 90 110 120 500 
40 55 90 109 120 500 
40 55 90 108 120 500 
40 55 90 107 120 500 
40 55 90 106 120 500 
40 55 90 105 120 500 
40 55 90 104 120 500 
40 55 90 103 120 500 
40 55 90 102 120 500 
40 55 90 101 120 500 
40 55 90 100 120 500 
40 55 90 99 120 500 
40 55 90 98 120 500 
40 55 90 97 120 500 
40 55 90 96 120 500 
40 55 90 95 120 500 
40 55 90 94 120 500 
40 55 90 93 120 500 
40 55 90 92 120 500 
40 54 90 110 120 500 
40 54 90 109 120 500 
40 54 90 108 120 500 
40 54 90 107 120 500 
40 54 90 106 120 500 
40 54 90 105 120 500 
40 54 90 104 120 500 
40 54 90 103 120 500 
40 54 90 102 120 500 
40 54 90 101 120 500 
40 54 90 100 120 500 
40 54 90 99 120 500 
40 54 90 98 120 500 
40 54 90 97 120 500 
40 54 90 96 120 500 
40 54 90 95 120 500 
40 54 90 94 120 500 
40 54 90 93 120 500 
40 54 90 92 120 500 
40 53 90 110 120 500 
40 53 90 109 120 500 
40 53 90 108 120 500 
40 53 90 107 120 500 
40 53 90 106 120 500 
40 53 90 105 120 500 
40 53 90 104 120 500 
40 53 90 103 120 500 
40 53 90 102 120 500 
40 53 90 101 120 500 
40 53 90 100 120 500 
40 53 90 99 120 500 
40 53 90 98 120 500 
40 53 90 97 120 500 
40 53 90 96 120 500 
40 53 90 95 120 500 
40 53 90 94 120 500 
40 53 90 93 120 500 
40 53 90 92 120 500 
40 52 90 110 120 500 
40 52 90 109 120 500 
40 52 90 108 120 500 
40 52 90 107 120 500 
40 52 90 106 120 500 
40 52 90 105 120 500 
40 52 90 104 120 500 
40 52 90 103 120 500 
40 52 90 102 120 500 
40 52 90 101 120 500 
40 52 90 100 120 500 
40 52 90 99 120 500 
40 52 90 98 120 500 
40 52 90 97 120 500 
40 52 90 96 120 500 
40 52 90 95 120 500 
40 52 90 94 120 500 
40 52 90 93 120 500 
40 52 90 92 120 500 
40 51 90 110 120 500 
40 51 90 109 120 500 
40 51 90 108 120 500 
40 51 90 107 120 500 
40 51 90 106 120 500 
40 51 90 105 120 500 
40 51 90 104 120 500 
40 51 90 103 120 500 
40 51 90 102 120 500 
40 51 90 101 120 500 
40 51 90 100 120 500 
40 51 90 99 120 500 
40 51 90 98 120 500 
40 51 90 97 120 500 
40 51 90 96 120 500 
40 51 90 95 120 500 
40 51 90 94 120 500 
40 51 90 93 120 500 
40 51 90 92 120 500 
40 50 90 110 120 500 
40 50 90 109 120 500 
40 50 90 108 120 500 
40 50 90 107 120 500 
40 50 90 106 120 500 
40 50 90 105 120 500 
40 50 90 104 120 500 
40 50 90 103 120 500 
40 50 90 102 120 500 
40 50 90 101 120 500 
40 50 90 100 120 500 
40 50 90 99 120 500 
40 50 90 98 120 500 
40 50 90 97 120 500 
40 50 90 96 120 500 
40 50 90 95 120 500 
40 50 90 94 120 500 
40 50 90 93 120 500 
40 50 90 92 120 500 
40 60 100 120 130 500 
40 60 100 119 130 500 
40 60 100 118 130 500 
40 60 100 117 130 500 
40 60 100 116 130 500 
40 60 100 115 130 500 
40 60 100 114 130 500 
40 60 100 113 130 500 
40 60 100 112 130 500 
40 60 100 111 130 500 
40 60 100 110 130 500 
40 60 100 109 130 500 
40 60 100 108 130 500 
40 60 100 107 130 500 
40 60 100 106 130 500 
40 60 100 105 130 500 
40 60 100 104 130 500 
40 60 100 103 130 500 
40 60 100 102 130 500 
40 59 100 120 130 500 
40 59 100 119 130 500 
40 59 100 118 130 500 
40 59 100 117 130 500 
40 59 100 116 130 500 
40 59 100 115 130 500 
40 59 100 114 130 500 
40 59 100 113 130 500 
40 59 100 112 130 500 
40 59 100 111 130 500 
40 59 100 110 130 500 
40 59 100 109 130 500 
40 59 100 108 130 500 
40 59 100 107 130 500 
40 59 100 106 130 500 
40 59 100 105 130 500 
40 59 100 104 130 500 
40 59 100 103 130 500 
40 59 100 102 130 500 
40 58 100 120 130 500 
40 58 100 119 130 500 
40 58 100 118 130 500 
40 58 100 117 130 500 
40 58 100 116 130 500 
40 58 100 115 130 500 
40 58 100 114 130 500 
40 58 100 113 130 500 
40 58 100 112 130 500 
40 58 100 111 130 500 
40 58 100 110 130 500 
40 58 100 109 130 500 
40 58 100 108 130 500 
40 58 100 107 130 500 
40 58 100 106 130 500 
40 58 100 105 130 500 
40 58 100 104 130 500 
40 58 100 103 130 500 
40 58 100 102 130 500 
40 57 100 120 130 500 
40 57 100 119 130 500 
40 57 100 118 130 500 
40 57 100 117 130 500 
40 57 100 116 130 500 
40 57 100 115 130 500 
40 57 100 114 130 500 
40 57 100 113 130 500 
40 57 100 112 130 500 
40 57 100 111 130 500 
40 57 100 110 130 500 
40 57 100 109 130 500 
40 57 100 108 130 500 
40 57 100 107 130 500 
40 57 100 106 130 500 
40 57 100 105 130 500 
40 57 100 104 130 500 
40 57 100 103 130 500 
40 57 100 102 130 500 
40 56 100 120 130 500 
40 56 100 119 130 500 
40 56 100 118 130 500 
40 56 100 117 130 500 
40 56 100 116 130 500 
40 56 100 115 130 500 
40 56 100 114 130 500 
40 56 100 113 130 500 
40 56 100 112 130 500 
40 56 100 111 130 500 
40 56 100 110 130 500 
40 56 100 109 130 500 
40 56 100 108 130 500 
40 56 100 107 130 500 
40 56 100 106 130 500 
40 56 100 105 130 500 
40 56 100 104 130 500 
40 56 100 103 130 500 
40 56 100 102 130 500 
40 55 100 120 130 500 
40 55 100 119 130 500 
40 55 100 118 130 500 
40 55 100 117 130 500 
40 55 100 116 130 500 
40 55 100 115 130 500 
40 55 100 114 130 500 
40 55 100 113 130 500 
40 55 100 112 130 500 
40 55 100 111 130 500 
40 55 100 110 130 500 
40 55 100 109 130 500 
40 55 100 108 130 500 
40 55 100 107 130 500 
40 55 100 106 130 500 
40 55 100 105 130 500 
40 55 100 104 130 500 
40 55 100 103 130 500 
40 55 100 102 130 500 
40 54 100 120 130 500 
40 54 100 119 130 500 
40 54 100 118 130 500 
40 54 100 117 130 500 
40 54 100 116 130 500 
40 54 100 115 130 500 
40 54 100 114 130 500 
40 54 100 113 130 500 
40 54 100 112 130 500 
40 54 100 111 130 500 
40 54 100 110 130 500 
40 54 100 109 130 500 
40 54 100 108 130 500 
40 54 100 107 130 500 
40 54 100 106 130 500 
40 54 100 105 130 500 
40 54 100 104 130 500 
40 54 100 103 130 500 
40 54 100 102 130 500 
40 53 100 120 130 500 
40 53 100 119 130 500 
40 53 100 118 130 500 
40 53 100 117 130 500 
40 53 100 116 130 500 
40 53 100 115 130 500 
40 53 100 114 130 500 
40 53 100 113 130 500 
40 53 100 112 130 500 
40 53 100 111 130 500 
40 53 100 110 130 500 
40 53 100 109 130 500 
40 53 100 108 130 500 
40 53 100 107 130 500 
40 53 100 106 130 500 
40 53 100 105 130 500 
40 53 100 104 130 500 
40 53 100 103 130 500 
40 53 100 102 130 500 
40 52 100 120 130 500 
40 52 100 119 130 500 
40 52 100 118 130 500 
40 52 100 117 130 500 
40 52 100 116 130 500 
40 52 100 115 130 500 
40 52 100 114 130 500 
40 52 100 113 130 500 
40 52 100 112 130 500 
40 52 100 111 130 500 
40 52 100 110 130 500 
40 52 100 109 130 500 
40 52 100 108 130 500 
40 52 100 107 130 500 
40 52 100 106 130 500 
40 52 100 105 130 500 
40 52 100 104 130 500 
40 52 100 103 130 500 
40 52 100 102 130 500 
40 51 100 120 130 500 
40 51 100 119 130 500 
40 51 100 118 130 500 
40 51 100 117 130 500 
40 51 100 116 130 500 
40 51 100 115 130 500 
40 51 100 114 130 500 
40 51 100 113 130 500 
40 51 100 112 130 500 
40 51 100 111 130 500 
40 51 100 110 130 500 
40 51 100 109 130 500 
40 51 100 108 130 500 
40 51 100 107 130 500 
40 51 100 106 130 500 
40 51 100 105 130 500 
40 51 100 104 130 500 
40 51 100 103 130 500 
40 51 100 102 130 500 
40 50 100 120 130 500 
40 50 100 119 130 500 
40 50 100 118 130 500 
40 50 100 117 130 500 
40 50 100 116 130 500 
40 50 100 115 130 500 
40 50 100 114 130 500 
40 50 100 113 130 500 
40 50 100 112 130 500 
40 50 100 111 130 500 
40 50 100 110 130 500 
40 50 100 109 130 500 
40 50 100 108 130 500 
40 50 100 107 130 500 
40 50 100 106 130 500 
40 50 100 105 130 500 
40 50 100 104 130 500 
40 50 100 103 130 500 
40 50 100 102 130 500 
40 60 110 130 140 500 
40 60 110 129 140 500 
40 60 110 128 140 500 
40 60 110 127 140 500 
40 60 110 126 140 500 
40 60 110 125 140 500 
40 60 110 124 140 500 
40 60 110 123 140 500 
40 60 110 122 140 500 
40 60 110 121 140 500 
40 60 110 120 140 500 
40 60 110 119 140 500 
40 60 110 118 140 500 
40 60 110 117 140 500 
40 60 110 116 140 500 
40 60 110 115 140 500 
40 60 110 114 140 500 
40 60 110 113 140 500 
40 60 110 112 140 500 
40 59 110 130 140 500 
40 59 110 129 140 500 
40 59 110 128 140 500 
40 59 110 127 140 500 
40 59 110 126 140 500 
40 59 110 125 140 500 
40 59 110 124 140 500 
40 59 110 123 140 500 
40 59 110 122 140 500 
40 59 110 121 140 500 
40 59 110 120 140 500 
40 59 110 119 140 500 
40 59 110 118 140 500 
40 59 110 117 140 500 
40 59 110 116 140 500 
40 59 110 115 140 500 
40 59 110 114 140 500 
40 59 110 113 140 500 
40 59 110 112 140 500 
40 58 110 130 140 500 
40 58 110 129 140 500 
40 58 110 128 140 500 
40 58 110 127 140 500 
40 58 110 126 140 500 
40 58 110 125 140 500 
40 58 110 124 140 500 
40 58 110 123 140 500 
40 58 110 122 140 500 
40 58 110 121 140 500 
40 58 110 120 140 500 
40 58 110 119 140 500 
40 58 110 118 140 500 
40 58 110 117 140 500 
40 58 110 116 140 500 
40 58 110 115 140 500 
40 58 110 114 140 500 
40 58 110 113 140 500 
40 58 110 112 140 500 
40 57 110 130 140 500 
40 57 110 129 140 500 
40 57 110 128 140 500 
40 57 110 127 140 500 
40 57 110 126 140 500 
40 57 110 125 140 500 
40 57 110 124 140 500 
40 57 110 123 140 500 
40 57 110 122 140 500 
40 57 110 121 140 500 
40 57 110 120 140 500 
40 57 110 119 140 500 
40 57 110 118 140 500 
40 57 110 117 140 500 
40 57 110 116 140 500 
40 57 110 115 140 500 
40 57 110 114 140 500 
40 57 110 113 140 500 
40 57 110 112 140 500 
40 56 110 130 140 500 
40 56 110 129 140 500 
40 56 110 128 140 500 
40 56 110 127 140 500 
40 56 110 126 140 500 
40 56 110 125 140 500 
40 56 110 124 140 500 
40 56 110 123 140 500 
40 56 110 122 140 500 
40 56 110 121 140 500 
40 56 110 120 140 500 
40 56 110 119 140 500 
40 56 110 118 140 500 
40 56 110 117 140 500 
40 56 110 116 140 500 
40 56 110 115 140 500 
40 56 110 114 140 500 
40 56 110 113 140 500 
40 56 110 112 140 500 
40 55 110 130 140 500 
40 55 110 129 140 500 
40 55 110 128 140 500 
40 55 110 127 140 500 
40 55 110 126 140 500 
40 55 110 125 140 500 
40 55 110 124 140 500 
40 55 110 123 140 500 
40 55 110 122 140 500 
40 55 110 121 140 500 
40 55 110 120 140 500 
40 55 110 119 140 500 
40 55 110 118 140 500 
40 55 110 117 140 500 
40 55 110 116 140 500 
40 55 110 115 140 500 
40 55 110 114 140 500 
40 55 110 113 140 500 
40 55 110 112 140 500 
40 54 110 130 140 500 
40 54 110 129 140 500 
40 54 110 128 140 500 
40 54 110 127 140 500 
40 54 110 126 140 500 
40 54 110 125 140 500 
40 54 110 124 140 500 
40 54 110 123 140 500 
40 54 110 122 140 500 
40 54 110 121 140 500 
40 54 110 120 140 500 
40 54 110 119 140 500 
40 54 110 118 140 500 
40 54 110 117 140 500 
40 54 110 116 140 500 
40 54 110 115 140 500 
40 54 110 114 140 500 
40 54 110 113 140 500 
40 54 110 112 140 500 
40 53 110 130 140 500 
40 53 110 129 140 500 
40 53 110 128 140 500 
40 53 110 127 140 500 
40 53 110 126 140 500 
40 53 110 125 140 500 
40 53 110 124 140 500 
40 53 110 123 140 500 
40 53 110 122 140 500 
40 53 110 121 140 500 
40 53 110 120 140 500 
40 53 110 119 140 500 
40 53 110 118 140 500 
40 53 110 117 140 500 
40 53 110 116 140 500 
40 53 110 115 140 500 
40 53 110 114 140 500 
40 53 110 113 140 500 
40 53 110 112 140 500 
40 52 110 130 140 500 
40 52 110 129 140 500 
40 52 110 128 140 500 
40 52 110 127 140 500 
40 52 110 126 140 500 
40 52 110 125 140 500 
40 52 110 124 140 500 
40 52 110 123 140 500 
40 52 110 122 140 500 
40 52 110 121 140 500 
40 52 110 120 140 500 
40 52 110 119 140 500 
40 52 110 118 140 500 
40 52 110 117 140 500 
40 52 110 116 140 500 
40 52 110 115 140 500 
40 52 110 114 140 500 
40 52 110 113 140 500 
40 52 110 112 140 500 
40 51 110 130 140 500 
40 51 110 129 140 500 
40 51 110 128 140 500 
40 51 110 127 140 500 
40 51 110 126 140 500 
40 51 110 125 140 500 
40 51 110 124 140 500 
40 51 110 123 140 500 
40 51 110 122 140 500 
40 51 110 121 140 500 
40 51 110 120 140 500 
40 51 110 119 140 500 
40 51 110 118 140 500 
40 51 110 117 140 500 
40 51 110 116 140 500 
40 51 110 115 140 500 
40 51 110 114 140 500 
40 51 110 113 140 500 
40 51 110 112 140 500 
40 50 110 130 140 500 
40 50 110 129 140 500 
40 50 110 128 140 500 
40 50 110 127 140 500 
40 50 110 126 140 500 
40 50 110 125 140 500 
40 50 110 124 140 500 
40 50 110 123 140 500 
40 50 110 122 140 500 
40 50 110 121 140 500 
40 50 110 120 140 500 
40 50 110 119 140 500 
40 50 110 118 140 500 
40 50 110 117 140 500 
40 50 110 116 140 500 
40 50 110 115 140 500 
40 50 110 114 140 500 
40 50 110 113 140 500 
40 50 110 112 140 500 
40 60 120 140 150 500 
40 60 120 139 150 500 
40 60 120 138 150 500 
40 60 120 137 150 500 
40 60 120 136 150 500 
40 60 120 135 150 500 
40 60 120 134 150 500 
40 60 120 133 150 500 
40 60 120 132 150 500 
40 60 120 131 150 500 
40 60 120 130 150 500 
40 60 120 129 150 500 
40 60 120 128 150 500 
40 60 120 127 150 500 
40 60 120 126 150 500 
40 60 120 125 150 500 
40 60 120 124 150 500 
40 60 120 123 150 500 
40 60 120 122 150 500 
40 59 120 140 150 500 
40 59 120 139 150 500 
40 59 120 138 150 500 
40 59 120 137 150 500 
40 59 120 136 150 500 
40 59 120 135 150 500 
40 59 120 134 150 500 
40 59 120 133 150 500 
40 59 120 132 150 500 
40 59 120 131 150 500 
40 59 120 130 150 500 
40 59 120 129 150 500 
40 59 120 128 150 500 
40 59 120 127 150 500 
40 59 120 126 150 500 
40 59 120 125 150 500 
40 59 120 124 150 500 
40 59 120 123 150 500 
40 59 120 122 150 500 
40 58 120 140 150 500 
40 58 120 139 150 500 
40 58 120 138 150 500 
40 58 120 137 150 500 
40 58 120 136 150 500 
40 58 120 135 150 500 
40 58 120 134 150 500 
40 58 120 133 150 500 
40 58 120 132 150 500 
40 58 120 131 150 500 
40 58 120 130 150 500 
40 58 120 129 150 500 
40 58 120 128 150 500 
40 58 120 127 150 500 
40 58 120 126 150 500 
40 58 120 125 150 500 
40 58 120 124 150 500 
40 58 120 123 150 500 
40 58 120 122 150 500 
40 57 120 140 150 500 
40 57 120 139 150 500 
40 57 120 138 150 500 
40 57 120 137 150 500 
40 57 120 136 150 500 
40 57 120 135 150 500 
40 57 120 134 150 500 
40 57 120 133 150 500 
40 57 120 132 150 500 
40 57 120 131 150 500 
40 57 120 130 150 500 
40 57 120 129 150 500 
40 57 120 128 150 500 
40 57 120 127 150 500 
40 57 120 126 150 500 
40 57 120 125 150 500 
40 57 120 124 150 500 
40 57 120 123 150 500 
40 57 120 122 150 500 
40 56 120 140 150 500 
40 56 120 139 150 500 
40 56 120 138 150 500 
40 56 120 137 150 500 
40 56 120 136 150 500 
40 56 120 135 150 500 
40 56 120 134 150 500 
40 56 120 133 150 500 
40 56 120 132 150 500 
40 56 120 131 150 500 
40 56 120 130 150 500 
40 56 120 129 150 500 
40 56 120 128 150 500 
40 56 120 127 150 500 
40 56 120 126 150 500 
40 56 120 125 150 500 
40 56 120 124 150 500 
40 56 120 123 150 500 
40 56 120 122 150 500 
40 55 120 140 150 500 
40 55 120 139 150 500 
40 55 120 138 150 500 
40 55 120 137 150 500 
40 55 120 136 150 500 
40 55 120 135 150 500 
40 55 120 134 150 500 
40 55 120 133 150 500 
40 55 120 132 150 500 
40 55 120 131 150 500 
40 55 120 130 150 500 
40 55 120 129 150 500 
40 55 120 128 150 500 
40 55 120 127 150 500 
40 55 120 126 150 500 
40 55 120 125 150 500 
40 55 120 124 150 500 
40 55 120 123 150 500 
40 55 120 122 150 500 
40 54 120 140 150 500 
40 54 120 139 150 500 
40 54 120 138 150 500 
40 54 120 137 150 500 
40 54 120 136 150 500 
40 54 120 135 150 500 
40 54 120 134 150 500 
40 54 120 133 150 500 
40 54 120 132 150 500 
40 54 120 131 150 500 
40 54 120 130 150 500 
40 54 120 129 150 500 
40 54 120 128 150 500 
40 54 120 127 150 500 
40 54 120 126 150 500 
40 54 120 125 150 500 
40 54 120 124 150 500 
40 54 120 123 150 500 
40 54 120 122 150 500 
40 53 120 140 150 500 
40 53 120 139 150 500 
40 53 120 138 150 500 
40 53 120 137 150 500 
40 53 120 136 150 500 
40 53 120 135 150 500 
40 53 120 134 150 500 
40 53 120 133 150 500 
40 53 120 132 150 500 
40 53 120 131 150 500 
40 53 120 130 150 500 
40 53 120 129 150 500 
40 53 120 128 150 500 
40 53 120 127 150 500 
40 53 120 126 150 500 
40 53 120 125 150 500 
40 53 120 124 150 500 
40 53 120 123 150 500 
40 53 120 122 150 500 
40 52 120 140 150 500 
40 52 120 139 150 500 
40 52 120 138 150 500 
40 52 120 137 150 500 
40 52 120 136 150 500 
40 52 120 135 150 500 
40 52 120 134 150 500 
40 52 120 133 150 500 
40 52 120 132 150 500 
40 52 120 131 150 500 
40 52 120 130 150 500 
40 52 120 129 150 500 
40 52 120 128 150 500 
40 52 120 127 150 500 
40 52 120 126 150 500 
40 52 120 125 150 500 
40 52 120 124 150 500 
40 52 120 123 150 500 
40 52 120 122 150 500 
40 51 120 140 150 500 
40 51 120 139 150 500 
40 51 120 138 150 500 
40 51 120 137 150 500 
40 51 120 136 150 500 
40 51 120 135 150 500 
40 51 120 134 150 500 
40 51 120 133 150 500 
40 51 120 132 150 500 
40 51 120 131 150 500 
40 51 120 130 150 500 
40 51 120 129 150 500 
40 51 120 128 150 500 
40 51 120 127 150 500 
40 51 120 126 150 500 
40 51 120 125 150 500 
40 51 120 124 150 500 
40 51 120 123 150 500 
40 51 120 122 150 500 
40 50 120 140 150 500 
40 50 120 139 150 500 
40 50 120 138 150 500 
40 50 120 137 150 500 
40 50 120 136 150 500 
40 50 120 135 150 500 
40 50 120 134 150 500 
40 50 120 133 150 500 
40 50 120 132 150 500 
40 50 120 131 150 500 
40 50 120 130 150 500 
40 50 120 129 150 500 
40 50 120 128 150 500 
40 50 120 127 150 500 
40 50 120 126 150 500 
40 50 120 125 150 500 
40 50 120 124 150 500 
40 50 120 123 150 500 
40 50 120 122 150 500 
