30	6.6643254e-011	-1	-1	-1	-1
32	7.159108e-011	-1	-1	-1	-1
34	1.2850333e-010	-1	-1	-1	-1
36	1.7116894e-010	-1	-1	-1	-1
38	1.8515669e-010	-1	-1	-1	-1
40	2.0229854e-010	-1	-1	-1	-1
42	2.3130476e-010	-1	-1	-1	-1
44	2.3146621e-010	-1	-1	-1	-1
46	2.4840172e-010	-1	-1	-1	-1
48	2.5735663e-010	-1	-1	-1	-1
50	2.5146215e-010	-1	-1	-1	-1
52	2.3261191e-010	-1	-1	-1	-1
54	2.2136286e-010	-1	-1	-1	-1
56	2.0548799e-010	1.1076373e-010	-1	-1	-1
58	1.8252938e-010	4.0927186e-010	-1	-1	-1
60	1.75843e-010	5.9133711e-010	-1	-1	-1
62	1.6537308e-010	1.0309195e-009	-1	-1	-1
64	1.3862845e-010	1.2341224e-009	-1	-1	-1
66	1.1836571e-010	1.2074391e-009	-1	-1	-1
68	-1	1.0311704e-009	-1	-1	-1
70	-1	9.702317e-010	-1	-1	-1
72	-1	8.9389482e-010	-1	-1	-1
74	-1	9.084199e-010	-1	-1	-1
76	-1	9.1932985e-010	-1	-1	-1
78	-1	9.727336e-010	-1	-1	-1
80	-1	9.6668852e-010	-1	-1	-1
82	-1	9.769737e-010	-1	-1	-1
84	-1	1.0048862e-009	-1	-1	-1
86	-1	1.008934e-009	-1	-1	-1
88	-1	1.0425198e-009	2.4574148e-011	-1	-1
90	-1	1.0551647e-009	7.5420959e-011	-1	-1
92	-1	1.0572284e-009	2.8828373e-010	-1	-1
94	-1	1.0775525e-009	7.779269e-010	-1	-1
96	-1	1.0774089e-009	1.4931685e-009	-1	-1
98	-1	1.0164767e-009	1.7444973e-009	-1	-1
100	-1	9.650096e-010	2.2909668e-009	-1	-1
102	-1	8.8473119e-010	2.4491761e-009	-1	-1
104	-1	8.2645242e-010	2.2899873e-009	-1	-1
106	-1	7.9170603e-010	2.1483113e-009	-1	-1
108	-1	7.9621794e-010	1.9547675e-009	-1	-1
110	-1	7.4391615e-010	1.8679236e-009	-1	-1
112	-1	6.8742344e-010	1.7222424e-009	-1	-1
114	-1	6.1004104e-010	1.734375e-009	-1	-1
116	-1	5.3621046e-010	1.67532e-009	-1	-1
118	-1	4.828994e-010	1.7170032e-009	-1	-1
120	-1	4.1683058e-010	1.694519e-009	-1	-1
122	-1	3.6575249e-010	1.6540081e-009	-1	-1
124	-1	3.5901981e-010	1.6463982e-009	3.575811e-011	-1
126	-1	3.5417136e-010	1.6708975e-009	1.1767128e-010	-1
128	-1	3.7563487e-010	1.633136e-009	2.1143793e-010	-1
130	-1	3.8941964e-010	1.6827257e-009	4.4208415e-010	-1
132	-1	3.9528327e-010	1.6611296e-009	8.2365901e-010	-1
134	-1	4.231716e-010	1.6834784e-009	1.2818113e-009	-1
136	-1	4.5404038e-010	1.6620368e-009	1.5816244e-009	-1
138	-1	4.6216932e-010	1.6527955e-009	1.6628156e-009	-1
140	-1	4.5371505e-010	1.6293062e-009	1.7132505e-009	-1
142	-1	4.3075337e-010	1.5675841e-009	1.7418413e-009	-1
144	-1	3.7638025e-010	1.4654976e-009	1.6052793e-009	-1
146	-1	3.1049277e-010	1.325162e-009	1.4500663e-009	-1
148	-1	2.4701181e-010	1.1713634e-009	1.2676614e-009	-1
150	-1	1.9080637e-010	9.8726089e-010	1.0633486e-009	-1
152	-1	1.3379361e-010	8.0190241e-010	9.8470714e-010	-1
154	-1	8.9457207e-011	6.8390221e-010	9.1677623e-010	-1
156	-1	6.8509268e-011	6.1241879e-010	8.318185e-010	-1
158	-1	5.8492741e-011	6.1606247e-010	7.8097449e-010	4.1393081e-011
160	-1	6.5023351e-011	6.3203527e-010	7.3807618e-010	3.2727184e-011
162	-1	-1	6.8317447e-010	7.8645361e-010	2.5311793e-011
164	-1	-1	7.3020706e-010	8.4970082e-010	2.8142849e-011
166	-1	-1	7.3599393e-010	9.0814761e-010	6.294339e-011
168	-1	-1	7.6819215e-010	8.9232989e-010	9.5418092e-011
170	-1	-1	7.714633e-010	8.8960237e-010	1.4467851e-010
172	-1	-1	7.6641603e-010	8.9798654e-010	2.0723904e-010
174	-1	-1	7.4186766e-010	8.5340477e-010	2.3834829e-010
176	-1	-1	6.693323e-010	8.4648623e-010	2.5108252e-010
178	-1	-1	5.9722131e-010	8.66066e-010	2.7295627e-010
180	-1	-1	5.7724224e-010	8.8229586e-010	2.8280932e-010
182	-1	-1	5.9366275e-010	8.9647145e-010	2.7222792e-010
184	-1	-1	6.6534904e-010	8.9768348e-010	3.0103852e-010
186	-1	-1	7.5416838e-010	9.3341871e-010	3.1221166e-010
188	-1	-1	8.2792948e-010	9.4140324e-010	3.1372749e-010
190	-1	-1	8.7973535e-010	9.6145244e-010	3.2968948e-010
192	-1	-1	9.2508082e-010	9.8802049e-010	3.6133629e-010
194	-1	-1	9.2409586e-010	1.0123134e-009	3.8583309e-010
196	-1	-1	8.5840774e-010	1.0249671e-009	4.0527205e-010
198	-1	-1	7.3841863e-010	1.0245216e-009	4.170779e-010
200	-1	-1	6.1410229e-010	1.0263118e-009	4.3972529e-010
202	-1	-1	-1	1.0737085e-009	4.2354881e-010
204	-1	-1	-1	1.1144727e-009	4.5253133e-010
206	-1	-1	-1	1.1120221e-009	4.5156074e-010
208	-1	-1	-1	1.1133831e-009	4.5261462e-010
210	-1	-1	-1	1.1141873e-009	4.5724992e-010
212	-1	-1	-1	1.1595436e-009	4.8258377e-010
214	-1	-1	-1	1.1817488e-009	4.9972915e-010
216	-1	-1	-1	1.1706788e-009	4.9271648e-010
218	-1	-1	-1	1.1283734e-009	4.9065932e-010
220	-1	-1	-1	1.0664471e-009	4.8515069e-010
222	-1	-1	-1	1.0732787e-009	5.0048161e-010
224	-1	-1	-1	1.1035808e-009	5.0523217e-010
226	-1	-1	-1	1.1047511e-009	4.7313811e-010
228	-1	-1	-1	1.0876383e-009	4.4907649e-010
230	-1	-1	-1	1.0077901e-009	4.3536623e-010
232	-1	-1	-1	9.2349327e-010	4.6337869e-010
234	-1	-1	-1	8.570836e-010	4.595155e-010
236	-1	-1	-1	8.2137626e-010	4.3635636e-010
238	-1	-1	-1	8.177227e-010	4.0801446e-010
240	-1	-1	-1	8.5862854e-010	4.0037381e-010
242	-1	-1	-1	8.7938846e-010	4.1535022e-010
244	-1	-1	-1	8.3634342e-010	4.2062266e-010
246	-1	-1	-1	7.5811112e-010	4.1163206e-010
248	-1	-1	-1	6.4887581e-010	3.6462499e-010
250	-1	-1	-1	5.4055719e-010	3.345987e-010
252	-1	-1	-1	4.6312255e-010	3.2396264e-010
254	-1	-1	-1	4.3286428e-010	3.2483681e-010
256	-1	-1	-1	4.4733985e-010	3.1757807e-010
258	-1	-1	-1	4.9211279e-010	2.8973519e-010
260	-1	-1	-1	5.4042441e-010	2.5187436e-010
262	-1	-1	-1	5.6953059e-010	2.2322974e-010
264	-1	-1	-1	5.4788615e-010	2.1044557e-010
266	-1	-1	-1	4.7469962e-010	2.3294823e-010
268	-1	-1	-1	3.6366541e-010	2.5212281e-010
270	-1	-1	-1	2.5847188e-010	2.4191174e-010
272	-1	-1	-1	1.8890729e-010	2.1478343e-010
274	-1	-1	-1	1.5450374e-010	1.7532748e-010
276	-1	-1	-1	1.5519749e-010	1.4174013e-010
278	-1	-1	-1	1.82381e-010	1.3918968e-010
280	-1	-1	-1	2.2686723e-010	1.5092447e-010
282	-1	-1	-1	2.6217477e-010	1.5641774e-010
284	-1	-1	-1	2.7385539e-010	1.3677803e-010
286	-1	-1	-1	2.4896895e-010	1.1882684e-010
288	-1	-1	-1	1.9360916e-010	8.1249916e-011
290	-1	-1	-1	1.3314921e-010	3.8905167e-011
292	-1	-1	-1	7.9380089e-011	-1
294	-1	-1	-1	4.2962242e-011	-1
296	-1	-1	-1	2.2218423e-011	-1
298	-1	-1	-1	-1	-1
300	-1	-1	-1	-1	-1
