30	2.7840313e-010	-1	-1	-1	-1
32	5.0321397e-010	-1	-1	-1	-1
34	5.2791841e-010	-1	-1	-1	-1
36	7.1670719e-010	-1	-1	-1	-1
38	8.4564234e-010	-1	-1	-1	-1
40	8.4070272e-010	-1	-1	-1	-1
42	9.5699534e-010	-1	-1	-1	-1
44	9.101189e-010	-1	-1	-1	-1
46	8.603568e-010	-1	-1	-1	-1
48	7.8982384e-010	-1	-1	-1	-1
50	7.2597658e-010	-1	-1	-1	-1
52	6.2277534e-010	-1	-1	-1	-1
54	6.5651767e-010	-1	-1	-1	-1
56	6.5520895e-010	2.7655662e-010	-1	-1	-1
58	6.2985293e-010	9.8822232e-010	-1	-1	-1
60	6.8003931e-010	1.861033e-009	-1	-1	-1
62	7.148174e-010	3.946533e-009	-1	-1	-1
64	6.9456864e-010	5.7278058e-009	-1	-1	-1
66	6.214237e-010	5.3579936e-009	-1	-1	-1
68	-1	5.358346e-009	-1	-1	-1
70	-1	4.9015037e-009	-1	-1	-1
72	-1	4.5089989e-009	-1	-1	-1
74	-1	4.4842841e-009	-1	-1	-1
76	-1	4.5885252e-009	-1	-1	-1
78	-1	4.6363413e-009	-1	-1	-1
80	-1	4.8338833e-009	-1	-1	-1
82	-1	5.1838139e-009	-1	-1	-1
84	-1	5.7503029e-009	-1	-1	-1
86	-1	6.2627831e-009	-1	-1	-1
88	-1	6.2458742e-009	-1	-1	-1
90	-1	6.3926666e-009	1.0144745e-010	-1	-1
92	-1	6.1524888e-009	4.9206286e-010	-1	-1
94	-1	5.8107595e-009	1.6043027e-009	-1	-1
96	-1	5.6152984e-009	2.4382626e-009	-1	-1
98	-1	5.1585516e-009	5.1853185e-009	-1	-1
100	-1	4.5418535e-009	8.4845844e-009	-1	-1
102	-1	4.1410298e-009	1.0534998e-008	-1	-1
104	-1	3.760179e-009	1.0582789e-008	-1	-1
106	-1	3.5294356e-009	9.5370535e-009	-1	-1
108	-1	3.3619661e-009	8.6741288e-009	-1	-1
110	-1	3.3665237e-009	8.159063e-009	-1	-1
112	-1	3.2428353e-009	7.4552896e-009	-1	-1
114	-1	2.9536573e-009	7.1901291e-009	-1	-1
116	-1	2.7430984e-009	7.0304726e-009	-1	-1
118	-1	2.4534226e-009	6.5452429e-009	-1	-1
120	-1	2.2211136e-009	6.5205223e-009	-1	-1
122	-1	1.9168483e-009	6.6286242e-009	-1	-1
124	-1	1.7285204e-009	6.6030442e-009	-1	-1
126	-1	1.7061516e-009	7.0747187e-009	7.2818507e-011	-1
128	-1	1.7078083e-009	7.0347013e-009	2.4530765e-010	-1
130	-1	1.828733e-009	7.1090073e-009	7.0856333e-010	-1
132	-1	1.9056985e-009	7.1217948e-009	1.539856e-009	-1
134	-1	1.938375e-009	7.1082139e-009	2.2934271e-009	-1
136	-1	2.0606896e-009	6.9931045e-009	3.9234873e-009	-1
138	-1	2.2054222e-009	6.9935231e-009	5.6600347e-009	-1
140	-1	2.2411029e-009	6.8521746e-009	6.6391761e-009	-1
142	-1	2.2154864e-009	6.8447644e-009	6.9401556e-009	-1
144	-1	2.1678149e-009	6.6434281e-009	6.5432552e-009	-1
146	-1	2.1030343e-009	6.3495655e-009	6.0822983e-009	-1
148	-1	2.0093875e-009	5.8396604e-009	5.8188627e-009	-1
150	-1	1.90278e-009	5.3712769e-009	5.4666696e-009	-1
152	-1	1.8888128e-009	4.8890173e-009	5.290507e-009	-1
154	-1	1.8854274e-009	4.3289094e-009	5.0392846e-009	-1
156	-1	1.7942104e-009	3.9678002e-009	4.6494765e-009	-1
158	-1	1.6008962e-009	3.7033716e-009	4.2395157e-009	-1
160	-1	1.3505229e-009	3.6148346e-009	3.9001227e-009	7.3496016e-011
162	-1	-1	3.5901774e-009	3.5421739e-009	1.0347524e-010
164	-1	-1	3.5264115e-009	3.4096726e-009	1.1904836e-010
166	-1	-1	3.4689947e-009	3.5388206e-009	1.3070136e-010
168	-1	-1	3.2298586e-009	3.4247098e-009	2.3894187e-010
170	-1	-1	3.1064342e-009	3.3942343e-009	3.7735431e-010
172	-1	-1	3.1760151e-009	3.5133164e-009	4.4066274e-010
174	-1	-1	3.2049641e-009	3.4499953e-009	4.3353075e-010
176	-1	-1	3.2362986e-009	3.3558797e-009	5.9876142e-010
178	-1	-1	3.0973293e-009	3.4009895e-009	7.3765552e-010
180	-1	-1	2.8083193e-009	3.4668986e-009	8.9856678e-010
182	-1	-1	2.6008498e-009	3.5214077e-009	9.8877317e-010
184	-1	-1	2.4695256e-009	3.6808263e-009	9.9694739e-010
186	-1	-1	2.5531324e-009	3.7214811e-009	1.1259018e-009
188	-1	-1	2.7798339e-009	3.9054113e-009	1.1192023e-009
190	-1	-1	3.1206434e-009	3.8621137e-009	1.1942418e-009
192	-1	-1	3.559598e-009	3.9705749e-009	1.2704265e-009
194	-1	-1	4.067099e-009	4.0773589e-009	1.3815184e-009
196	-1	-1	4.468811e-009	4.2202643e-009	1.3899032e-009
198	-1	-1	4.584777e-009	4.1836841e-009	1.4664174e-009
200	-1	-1	4.3603873e-009	4.119066e-009	1.4590996e-009
202	-1	-1	-1	4.085879e-009	1.5016992e-009
204	-1	-1	-1	4.3317789e-009	1.5212864e-009
206	-1	-1	-1	4.4184792e-009	1.5917986e-009
208	-1	-1	-1	4.3737589e-009	1.6784414e-009
210	-1	-1	-1	4.2898389e-009	1.7556605e-009
212	-1	-1	-1	4.3902664e-009	1.7221415e-009
214	-1	-1	-1	4.6152935e-009	1.7896436e-009
216	-1	-1	-1	4.7429496e-009	1.8775124e-009
218	-1	-1	-1	4.6182206e-009	1.8052061e-009
220	-1	-1	-1	4.4622379e-009	1.7650269e-009
222	-1	-1	-1	4.2370418e-009	1.6994822e-009
224	-1	-1	-1	4.2839535e-009	1.8298707e-009
226	-1	-1	-1	4.5296835e-009	1.8432724e-009
228	-1	-1	-1	4.5857522e-009	1.7943697e-009
230	-1	-1	-1	4.4687926e-009	1.7006062e-009
232	-1	-1	-1	4.1418701e-009	1.6592531e-009
234	-1	-1	-1	3.6471324e-009	1.7905355e-009
236	-1	-1	-1	3.3673696e-009	1.8218315e-009
238	-1	-1	-1	3.2584421e-009	1.7152097e-009
240	-1	-1	-1	3.2331457e-009	1.5717592e-009
242	-1	-1	-1	3.1985323e-009	1.5103785e-009
244	-1	-1	-1	3.2343495e-009	1.5450767e-009
246	-1	-1	-1	3.1171527e-009	1.4945184e-009
248	-1	-1	-1	2.9042106e-009	1.4334994e-009
250	-1	-1	-1	2.5567282e-009	1.277853e-009
252	-1	-1	-1	2.2081696e-009	1.0932001e-009
254	-1	-1	-1	1.9075375e-009	1.0534881e-009
256	-1	-1	-1	1.7146048e-009	1.0406093e-009
258	-1	-1	-1	1.6742245e-009	1.0891582e-009
260	-1	-1	-1	1.7664561e-009	1.0249739e-009
262	-1	-1	-1	1.9378171e-009	8.9116742e-010
264	-1	-1	-1	2.1440935e-009	8.2728386e-010
266	-1	-1	-1	2.2461096e-009	7.4643726e-010
268	-1	-1	-1	2.1767605e-009	7.5409491e-010
270	-1	-1	-1	1.8528668e-009	8.3371778e-010
272	-1	-1	-1	1.4318881e-009	8.3116482e-010
274	-1	-1	-1	1.0339259e-009	7.5298456e-010
276	-1	-1	-1	7.5674617e-010	6.7083664e-010
278	-1	-1	-1	6.0830112e-010	5.116818e-010
280	-1	-1	-1	5.5597012e-010	4.5669413e-010
282	-1	-1	-1	5.705322e-010	5.0173232e-010
284	-1	-1	-1	6.1036719e-010	5.4801385e-010
286	-1	-1	-1	6.293421e-010	5.2982712e-010
288	-1	-1	-1	5.8889904e-010	4.7815063e-010
290	-1	-1	-1	4.908321e-010	3.694078e-010
292	-1	-1	-1	3.3740816e-010	2.0862845e-010
294	-1	-1	-1	1.9860055e-010	9.8315443e-011
296	-1	-1	-1	9.6224035e-011	-1
298	-1	-1	-1	-1	-1
300	-1	-1	-1	-1	-1
