30	2.6598396e-010	-1	-1	-1	-1
32	4.8612459e-010	-1	-1	-1	-1
34	6.6838984e-010	-1	-1	-1	-1
36	6.6682749e-010	-1	-1	-1	-1
38	7.040773e-010	-1	-1	-1	-1
40	6.4886626e-010	-1	-1	-1	-1
42	6.2667107e-010	-1	-1	-1	-1
44	6.816728e-010	-1	-1	-1	-1
46	6.9550584e-010	-1	-1	-1	-1
48	7.0003394e-010	-1	-1	-1	-1
50	7.0610163e-010	-1	-1	-1	-1
52	7.4757196e-010	-1	-1	-1	-1
54	7.795222e-010	-1	-1	-1	-1
56	7.4457775e-010	2.309022e-009	-1	-1	-1
58	7.3843035e-010	4.5643657e-009	-1	-1	-1
60	6.8428428e-010	6.1501935e-009	-1	-1	-1
62	6.4645549e-010	5.5572589e-009	-1	-1	-1
64	6.2187768e-010	5.0065033e-009	-1	-1	-1
66	5.6534204e-010	4.3729675e-009	-1	-1	-1
68	-1	4.1148404e-009	-1	-1	-1
70	-1	4.0974828e-009	-1	-1	-1
72	-1	3.8853772e-009	-1	-1	-1
74	-1	3.4815983e-009	-1	-1	-1
76	-1	3.2739311e-009	-1	-1	-1
78	-1	3.3398509e-009	-1	-1	-1
80	-1	3.4374035e-009	-1	-1	-1
82	-1	3.7139311e-009	-1	-1	-1
84	-1	4.0486942e-009	-1	-1	-1
86	-1	4.3593129e-009	-1	-1	-1
88	-1	4.6047153e-009	2.2537139e-009	-1	-1
90	-1	4.8868373e-009	5.6415561e-009	-1	-1
92	-1	4.9098652e-009	9.5477974e-009	-1	-1
94	-1	4.7818897e-009	1.1150532e-008	-1	-1
96	-1	4.688189e-009	1.0404203e-008	-1	-1
98	-1	4.1955146e-009	1.0049947e-008	-1	-1
100	-1	3.8729608e-009	9.3928922e-009	-1	-1
102	-1	3.7055835e-009	8.6073611e-009	-1	-1
104	-1	3.7498173e-009	8.0234003e-009	-1	-1
106	-1	3.559659e-009	7.2447268e-009	-1	-1
108	-1	3.445381e-009	6.9398249e-009	-1	-1
110	-1	3.1998994e-009	6.8410172e-009	-1	-1
112	-1	2.863492e-009	6.7713608e-009	-1	-1
114	-1	2.4198017e-009	6.6566435e-009	-1	-1
116	-1	2.0944515e-009	6.686769e-009	-1	-1
118	-1	1.8595179e-009	6.308812e-009	-1	-1
120	-1	1.6710752e-009	6.1258306e-009	9.0166819e-010	-1
122	-1	1.5240567e-009	6.0936473e-009	2.1512194e-009	-1
124	-1	1.4241941e-009	5.9391588e-009	3.0874885e-009	-1
126	-1	1.3892195e-009	6.0933769e-009	4.1940445e-009	-1
128	-1	1.4801208e-009	6.219325e-009	5.1036138e-009	-1
130	-1	1.4765539e-009	6.1243849e-009	5.2561029e-009	-1
132	-1	1.4626474e-009	6.2216418e-009	5.4152714e-009	-1
134	-1	1.4602162e-009	6.3661536e-009	5.7781619e-009	-1
136	-1	1.4351327e-009	6.269224e-009	5.7254931e-009	-1
138	-1	1.4290638e-009	6.3348098e-009	5.6165353e-009	-1
140	-1	1.4232151e-009	6.0954909e-009	5.3141775e-009	-1
142	-1	1.3679055e-009	5.8846006e-009	5.1767338e-009	-1
144	-1	1.2343007e-009	5.7546104e-009	5.2418477e-009	-1
146	-1	1.066229e-009	5.3906206e-009	5.1617654e-009	-1
148	-1	9.1045287e-010	5.0471723e-009	4.8645369e-009	-1
150	-1	7.9591345e-010	4.718527e-009	4.5724398e-009	-1
152	-1	6.9970305e-010	4.5572201e-009	4.0825194e-009	-1
154	-1	5.9817522e-010	4.1493104e-009	3.9151756e-009	-1
156	-1	5.2004683e-010	3.6483489e-009	3.8591582e-009	-1
158	-1	4.6638387e-010	3.4198509e-009	3.7379907e-009	6.9696467e-010
160	-1	4.221964e-010	3.2431773e-009	3.7756439e-009	7.9773667e-010
162	-1	-1	3.1173374e-009	3.7271958e-009	8.4723771e-010
164	-1	-1	2.9794058e-009	3.5409801e-009	8.0109356e-010
166	-1	-1	2.8345357e-009	3.4685117e-009	7.6301102e-010
168	-1	-1	2.8812181e-009	3.304981e-009	8.6382745e-010
170	-1	-1	2.9657998e-009	3.1046979e-009	8.5320488e-010
172	-1	-1	2.999398e-009	2.9037174e-009	8.6919326e-010
174	-1	-1	2.8938932e-009	3.0541512e-009	8.5630847e-010
176	-1	-1	2.7071167e-009	3.0586989e-009	8.9130095e-010
178	-1	-1	2.4973853e-009	3.0180983e-009	9.3164522e-010
180	-1	-1	2.3216898e-009	2.9121853e-009	9.7322174e-010
182	-1	-1	2.1545174e-009	3.0626672e-009	9.4922291e-010
184	-1	-1	2.1170603e-009	3.2393085e-009	9.0809996e-010
186	-1	-1	2.3205006e-009	3.2922741e-009	9.8664451e-010
188	-1	-1	2.7827364e-009	3.3455006e-009	1.0425477e-009
190	-1	-1	3.4000808e-009	3.4556881e-009	1.0267218e-009
192	-1	-1	4.0341142e-009	3.5273299e-009	1.1251768e-009
194	-1	-1	4.401052e-009	3.6246006e-009	1.1948816e-009
196	-1	-1	4.475216e-009	3.5772956e-009	1.2343985e-009
198	-1	-1	4.4252468e-009	3.6147581e-009	1.3618906e-009
200	-1	-1	4.2899433e-009	3.7217682e-009	1.4042537e-009
202	-1	-1	-1	3.8849362e-009	1.4634726e-009
204	-1	-1	-1	3.8480611e-009	1.5243786e-009
206	-1	-1	-1	3.8736342e-009	1.6159369e-009
208	-1	-1	-1	3.9733583e-009	1.6412726e-009
210	-1	-1	-1	4.1704611e-009	1.6746862e-009
212	-1	-1	-1	4.447803e-009	1.6241566e-009
214	-1	-1	-1	4.5099313e-009	1.7325107e-009
216	-1	-1	-1	4.3914476e-009	1.773409e-009
218	-1	-1	-1	4.2955791e-009	1.7089222e-009
220	-1	-1	-1	4.1986826e-009	1.6440676e-009
222	-1	-1	-1	4.2695604e-009	1.6833159e-009
224	-1	-1	-1	4.3651794e-009	1.7048238e-009
226	-1	-1	-1	4.2221946e-009	1.7629449e-009
228	-1	-1	-1	4.0276364e-009	1.564782e-009
230	-1	-1	-1	3.740916e-009	1.5458896e-009
232	-1	-1	-1	3.63572e-009	1.5597284e-009
234	-1	-1	-1	3.5996372e-009	1.6038731e-009
236	-1	-1	-1	3.5369566e-009	1.5910526e-009
238	-1	-1	-1	3.3386654e-009	1.4626909e-009
240	-1	-1	-1	3.092174e-009	1.3209344e-009
242	-1	-1	-1	2.8752548e-009	1.256277e-009
244	-1	-1	-1	2.7126169e-009	1.3578924e-009
246	-1	-1	-1	2.7112013e-009	1.3582048e-009
248	-1	-1	-1	2.8515534e-009	1.2993913e-009
250	-1	-1	-1	2.9357147e-009	1.19412e-009
252	-1	-1	-1	2.8520109e-009	1.0378457e-009
254	-1	-1	-1	2.4830008e-009	1.0380454e-009
256	-1	-1	-1	1.9839179e-009	1.1065012e-009
258	-1	-1	-1	1.4850948e-009	1.178372e-009
260	-1	-1	-1	1.1723802e-009	1.1788316e-009
262	-1	-1	-1	1.0880667e-009	1.0749528e-009
264	-1	-1	-1	1.1906901e-009	8.7215336e-010
266	-1	-1	-1	1.3962476e-009	7.4321088e-010
268	-1	-1	-1	1.5819459e-009	7.4657128e-010
270	-1	-1	-1	1.6007951e-009	7.8688399e-010
272	-1	-1	-1	1.4144499e-009	8.5286123e-010
274	-1	-1	-1	1.1094293e-009	8.6421177e-010
276	-1	-1	-1	7.8673382e-010	7.4272405e-010
278	-1	-1	-1	5.7954537e-010	5.8411458e-010
280	-1	-1	-1	4.9219146e-010	4.6488519e-010
282	-1	-1	-1	5.1316824e-010	3.6396623e-010
284	-1	-1	-1	6.0299039e-010	3.3329613e-010
286	-1	-1	-1	7.0649302e-010	3.7519003e-010
288	-1	-1	-1	7.6162536e-010	4.1422926e-010
290	-1	-1	-1	7.0479155e-010	3.720594e-010
292	-1	-1	-1	5.5542309e-010	3.1223288e-010
294	-1	-1	-1	3.644047e-010	2.1687562e-010
296	-1	-1	-1	1.9447024e-010	1.139664e-010
298	-1	-1	-1	8.1784972e-011	-1
300	-1	-1	-1	-1	-1
