45.117188	-1	-1	-1	-1	-1
45.410156	-1	-1	-1	-1	-1
45.703125	-1	-1	-1	-1	-1
45.996094	-1	-1	-1	-1	-1
46.289063	-1	-1	-1	-1	-1
46.582031	-1	-1	-1	-1	-1
46.875	-1	-1	-1	-1	-1
47.167969	-1	-1	-1	-1	-1
47.460938	-1	-1	-1	-1	-1
47.753906	-1	-1	-1	-1	-1
48.046875	-1	-1	-1	-1	-1
48.339844	-1	-1	-1	-1	-1
48.632813	-1	-1	-1	-1	-1
48.925781	-1	-1	-1	-1	-1
49.21875	-1	-1	-1	-1	-1
49.511719	-1	-1	-1	-1	-1
49.804688	-1	-1	-1	-1	-1
50.097656	-1	-1	-1	-1	-1
50.390625	-1	-1	-1	-1	-1
50.683594	-1	-1	-1	-1	-1
50.976563	1.1310592e-010	-1	-1	-1	-1
51.269531	9.5667779e-011	-1	-1	-1	-1
51.5625	1.2385175e-010	-1	-1	-1	-1
51.855469	1.0360505e-010	-1	-1	-1	-1
52.148438	9.6964547e-011	-1	-1	-1	-1
52.441406	1.7282142e-010	-1	-1	-1	-1
52.734375	1.6191785e-010	-1	-1	-1	-1
53.027344	2.3202962e-010	-1	-1	-1	-1
53.320313	3.4722952e-010	-1	-1	-1	-1
53.613281	3.7033516e-010	-1	-1	-1	-1
53.90625	3.9566999e-010	-1	-1	-1	-1
54.199219	4.2960802e-010	4.2932939e-010	-1	-1	-1
54.492188	4.6370379e-010	4.7984985e-010	-1	-1	-1
54.785156	4.9779161e-010	3.5693338e-010	-1	-1	-1
55.078125	5.2761615e-010	3.7737388e-010	-1	-1	-1
55.371094	5.5425268e-010	6.6247117e-010	-1	-1	-1
55.664063	5.7945427e-010	6.948095e-010	-1	-1	-1
55.957031	6.2032001e-010	7.3615782e-010	-1	-1	-1
56.25	6.6202755e-010	7.8461349e-010	-1	-1	-1
56.542969	6.9605541e-010	9.0870721e-010	-1	-1	-1
56.835938	7.2338996e-010	8.9295668e-010	-1	-1	-1
57.128906	7.2590476e-010	9.3541273e-010	-1	-1	-1
57.421875	7.3058128e-010	9.5358402e-010	-1	-1	-1
57.714844	7.4422698e-010	9.7859524e-010	-1	-1	-1
58.007813	7.5527222e-010	1.0037115e-009	-1	-1	-1
58.300781	7.6216644e-010	1.1081554e-009	-1	-1	-1
58.59375	7.6787543e-010	1.1322268e-009	-1	-1	-1
58.886719	7.7304206e-010	1.1559353e-009	-1	-1	-1
59.179688	7.7592087e-010	1.1797144e-009	-1	-1	-1
59.472656	7.7702702e-010	1.2151395e-009	-1	-1	-1
59.765625	7.7722969e-010	1.2261626e-009	-1	-1	-1
60.058594	7.7602144e-010	1.2694468e-009	-1	-1	-1
60.351563	7.7353097e-010	1.3211978e-009	-1	-1	-1
60.644531	7.5808807e-010	1.3515546e-009	-1	-1	-1
60.9375	7.4390789e-010	1.4387499e-009	-1	-1	-1
61.230469	7.3035415e-010	1.4499489e-009	-1	-1	-1
61.523438	7.1751821e-010	1.5155258e-009	-1	-1	-1
61.816406	7.1470807e-010	1.5683819e-009	-1	-1	-1
62.109375	7.2695349e-010	1.5828709e-009	-1	-1	-1
62.402344	7.3609976e-010	1.5978916e-009	-1	-1	-1
62.695313	7.2556909e-010	1.6458354e-009	-1	-1	-1
62.988281	7.1316852e-010	1.7857448e-009	-1	-1	-1
63.28125	6.976614e-010	1.8474857e-009	-1	-1	-1
63.574219	6.7657846e-010	1.9397582e-009	-1	-1	-1
63.867188	6.5537107e-010	2.016906e-009	-1	-1	-1
64.160156	6.4069477e-010	2.0458611e-009	-1	-1	-1
64.453125	6.2896196e-010	2.1087819e-009	-1	-1	-1
64.746094	6.1825122e-010	2.1591419e-009	-1	-1	-1
65.039063	6.0623119e-010	2.1968017e-009	-1	-1	-1
65.332031	5.9493401e-010	2.2652851e-009	-1	-1	-1
65.625	5.8452709e-010	2.3144379e-009	-1	-1	-1
65.917969	5.7560536e-010	2.3806098e-009	-1	-1	-1
66.210938	5.6812879e-010	2.3811219e-009	-1	-1	-1
66.503906	5.6147942e-010	2.3450235e-009	-1	-1	-1
66.796875	5.5465185e-010	2.3593181e-009	-1	-1	-1
67.089844	5.4930266e-010	2.4024729e-009	-1	-1	-1
67.382813	5.4502146e-010	2.3493664e-009	-1	-1	-1
67.675781	5.4034409e-010	2.3179627e-009	-1	-1	-1
67.96875	5.3649553e-010	2.3265976e-009	-1	-1	-1
68.261719	5.3342637e-010	2.2124101e-009	-1	-1	-1
68.554688	5.2568908e-010	2.1688795e-009	-1	-1	-1
68.847656	5.203002e-010	2.1657534e-009	-1	-1	-1
69.140625	5.1740285e-010	2.1392052e-009	-1	-1	-1
69.433594	5.201162e-010	2.111035e-009	-1	-1	-1
69.726563	5.2481192e-010	2.0670489e-009	-1	-1	-1
70.019531	5.2915711e-010	2.0370542e-009	-1	-1	-1
70.3125	5.334525e-010	1.9887211e-009	-1	-1	-1
70.605469	5.4013286e-010	1.9366416e-009	-1	-1	-1
70.898438	5.4648557e-010	1.8629695e-009	-1	-1	-1
71.191406	5.5220297e-010	1.8620241e-009	-1	-1	-1
71.484375	5.532487e-010	1.8558274e-009	-1	-1	-1
71.777344	5.5057704e-010	1.8443561e-009	-1	-1	-1
72.070313	5.4828934e-010	1.8276559e-009	-1	-1	-1
72.363281	5.4645819e-010	1.8058462e-009	-1	-1	-1
72.65625	5.4439225e-010	1.7791233e-009	-1	-1	-1
72.949219	5.4231125e-010	1.7585393e-009	-1	-1	-1
73.242188	5.4062247e-010	1.7444189e-009	-1	-1	-1
73.535156	5.3941037e-010	1.7746737e-009	-1	-1	-1
73.828125	5.3778956e-010	1.8205513e-009	-1	-1	-1
74.121094	5.3670707e-010	1.8519582e-009	-1	-1	-1
74.414063	5.3789197e-010	1.8930609e-009	-1	-1	-1
74.707031	5.3932995e-010	1.9286482e-009	-1	-1	-1
75	5.4104845e-010	1.9456431e-009	-1	-1	-1
75.292969	5.4307659e-010	1.9886295e-009	-1	-1	-1
75.585938	5.454449e-010	1.9935258e-009	-1	-1	-1
75.878906	5.4818497e-010	2.0456458e-009	-1	-1	-1
76.171875	5.5132908e-010	2.0862131e-009	-1	-1	-1
76.464844	5.5490978e-010	2.1318118e-009	-1	-1	-1
76.757813	5.589594e-010	2.1865448e-009	-1	-1	-1
77.050781	5.6350953e-010	2.2221619e-009	-1	-1	-1
77.34375	5.6859044e-010	2.2538463e-009	-1	-1	-1
77.636719	5.7423054e-010	2.2926213e-009	-1	-1	-1
77.929688	5.8025101e-010	2.3467029e-009	-1	-1	-1
78.222656	5.8675535e-010	2.435857e-009	-1	-1	-1
78.515625	5.9439072e-010	2.4655307e-009	-1	-1	-1
78.808594	6.0298761e-010	2.5004097e-009	-1	-1	-1
79.101563	6.1178609e-010	2.5459246e-009	-1	-1	-1
79.394531	6.2061176e-010	2.5916731e-009	-1	-1	-1
79.6875	6.2937826e-010	2.6288334e-009	-1	-1	-1
79.980469	6.3800175e-010	2.6638352e-009	1.2893075e-010	-1	-1
80.273438	6.4098464e-010	2.6739553e-009	1.1680728e-010	-1	-1
80.566406	6.4409373e-010	2.6996782e-009	1.0695893e-010	-1	-1
80.859375	6.4766264e-010	2.7454209e-009	1.1074429e-010	-1	-1
81.152344	6.5178212e-010	2.7558566e-009	1.1502901e-010	-1	-1
81.445313	6.5661728e-010	2.8092232e-009	1.248475e-010	-1	-1
81.738281	6.6538542e-010	2.8782261e-009	1.4447616e-010	-1	-1
82.03125	6.7394356e-010	2.939065e-009	1.6470515e-010	-1	-1
82.324219	6.8217573e-010	2.9965537e-009	1.8531353e-010	-1	-1
82.617188	6.899675e-010	3.0718394e-009	2.1656957e-010	-1	-1
82.910156	6.9721102e-010	3.1615762e-009	2.6332842e-010	-1	-1
83.203125	7.0979803e-010	3.2047575e-009	3.4388203e-010	-1	-1
83.496094	7.2372025e-010	3.2167296e-009	4.0682092e-010	-1	-1
83.789063	7.3722119e-010	3.2165357e-009	5.4205126e-010	-1	-1
84.082031	7.4994437e-010	3.2903542e-009	6.6430198e-010	-1	-1
84.375	7.6154048e-010	3.3324254e-009	8.005552e-010	-1	-1
84.667969	7.6858186e-010	3.3596156e-009	9.6824574e-010	-1	-1
84.960938	7.6569282e-010	3.4287439e-009	1.1619637e-009	-1	-1
85.253906	7.6142613e-010	3.4921082e-009	1.4050102e-009	-1	-1
85.546875	7.5585435e-010	3.5477976e-009	1.6769992e-009	-1	-1
85.839844	7.490509e-010	3.5815767e-009	1.9893128e-009	-1	-1
86.132813	7.4110535e-010	3.6017215e-009	2.334299e-009	-1	-1
86.425781	7.3239939e-010	3.5982148e-009	2.6415776e-009	-1	-1
86.71875	7.2282955e-010	3.6417424e-009	3.018884e-009	-1	-1
87.011719	7.1191059e-010	3.696368e-009	3.3732738e-009	-1	-1
87.304688	6.9975976e-010	3.7892886e-009	3.7535956e-009	-1	-1
87.597656	6.8650358e-010	3.8792045e-009	4.17841e-009	-1	-1
87.890625	6.722812e-010	3.9287119e-009	4.5397442e-009	-1	-1
88.183594	6.5766584e-010	3.9675906e-009	4.9516377e-009	-1	-1
88.476563	6.4521956e-010	3.9946361e-009	5.2692958e-009	-1	-1
88.769531	6.3234143e-010	4.0076353e-009	5.5811e-009	-1	-1
89.0625	6.1908731e-010	4.0221704e-009	5.8662405e-009	-1	-1
89.355469	6.0551566e-010	3.9973548e-009	6.1428693e-009	-1	-1
89.648438	5.9168577e-010	3.9769414e-009	6.3700328e-009	-1	-1
89.941406	5.7765728e-010	3.9829338e-009	6.4847464e-009	-1	-1
90.234375	5.6341575e-010	3.9934289e-009	6.6366757e-009	-1	-1
90.527344	5.4907711e-010	4.0090729e-009	6.6472581e-009	-1	-1
90.820313	5.3481068e-010	4.0248143e-009	6.6999705e-009	-1	-1
91.113281	5.2066401e-010	4.0280181e-009	6.7306221e-009	-1	-1
91.40625	5.0668007e-010	4.0179858e-009	6.7829012e-009	-1	-1
91.699219	4.9289701e-010	4.0022751e-009	6.763328e-009	-1	-1
91.992188	4.7934803e-010	4.0079379e-009	6.7581707e-009	-1	-1
92.285156	4.6590459e-010	4.0389655e-009	6.6981738e-009	-1	-1
92.578125	4.5220911e-010	4.0445973e-009	6.7488885e-009	-1	-1
92.871094	4.3858128e-010	4.0150441e-009	6.6175733e-009	-1	-1
93.164063	4.2506285e-010	4.0000791e-009	6.5429068e-009	-1	-1
93.457031	4.1169445e-010	3.9905363e-009	6.4517958e-009	-1	-1
93.75	3.9851513e-010	3.9714494e-009	6.4024991e-009	-1	-1
94.042969	3.8556196e-010	3.9493491e-009	6.3646726e-009	-1	-1
94.335938	3.7286963e-010	3.9202798e-009	6.2986428e-009	-1	-1
94.628906	3.6042961e-010	3.8281776e-009	6.1691247e-009	-1	-1
94.921875	3.4835296e-010	3.7329953e-009	6.1696719e-009	-1	-1
95.214844	3.3669986e-010	3.6164224e-009	6.0259418e-009	-1	-1
95.507813	3.2548278e-010	3.4978715e-009	6.0790859e-009	-1	-1
95.800781	3.1470948e-010	3.3954991e-009	5.9700051e-009	-1	-1
96.09375	3.0438348e-010	3.3042776e-009	5.8969446e-009	-1	-1
96.386719	2.9450476e-010	3.20711e-009	5.8076193e-009	-1	-1
96.679688	2.850699e-010	3.0862754e-009	5.6656007e-009	-1	-1
96.972656	2.7551181e-010	2.966711e-009	5.5025891e-009	-1	-1
97.265625	2.6545001e-010	2.8862756e-009	5.3952103e-009	-1	-1
97.558594	2.5620964e-010	2.8123889e-009	5.1991019e-009	-1	-1
97.851563	2.4778386e-010	2.7285894e-009	5.1948919e-009	-1	-1
98.144531	2.4015882e-010	2.6375603e-009	5.1842101e-009	-1	-1
98.4375	2.3331363e-010	2.5540843e-009	5.1519444e-009	-1	-1
98.730469	2.2722195e-010	2.4562012e-009	5.0983361e-009	-1	-1
99.023438	2.2185324e-010	2.3685392e-009	5.0238486e-009	-1	-1
99.316406	2.1717168e-010	2.2946168e-009	4.8853656e-009	-1	-1
99.609375	2.1362224e-010	2.2313473e-009	4.7052558e-009	-1	-1
99.902344	2.1119169e-010	2.1743752e-009	4.513503e-009	-1	-1
100.19531	2.0875917e-010	2.1390448e-009	4.3679804e-009	-1	-1
100.48828	2.0630989e-010	2.1143669e-009	4.2501226e-009	-1	-1
100.78125	2.0368074e-010	2.0873572e-009	4.1153167e-009	-1	-1
101.07422	1.8789975e-010	2.0303137e-009	3.99117e-009	-1	-1
101.36719	1.8500568e-010	1.9767837e-009	3.8658963e-009	-1	-1
101.66016	1.9585636e-010	1.9393301e-009	3.7443246e-009	-1	-1
101.95313	1.6784322e-010	1.9177825e-009	3.6573579e-009	-1	-1
102.24609	1.8253959e-010	1.9002096e-009	3.6116165e-009	-1	-1
102.53906	1.7572735e-010	1.8780658e-009	3.4886696e-009	-1	-1
102.83203	1.732618e-010	1.8619224e-009	3.4253054e-009	-1	-1
103.125	1.5541198e-010	1.8558686e-009	3.3384179e-009	-1	-1
103.41797	1.7910866e-010	1.8599696e-009	3.294193e-009	-1	-1
103.71094	1.5409441e-010	1.8720725e-009	3.2763193e-009	-1	-1
104.00391	1.827732e-010	1.8916899e-009	3.314538e-009	-1	-1
104.29688	1.5313907e-010	1.9219295e-009	3.3203808e-009	-1	-1
104.58984	1.7625698e-010	1.9602408e-009	3.3356567e-009	-1	-1
104.88281	1.5163758e-010	2.0056281e-009	3.3467823e-009	-1	-1
105.17578	1.6755662e-010	2.0409037e-009	3.361091e-009	-1	-1
105.46875	1.4787546e-010	2.0775545e-009	3.3675094e-009	-1	-1
105.76172	1.3670797e-010	2.1164753e-009	3.366147e-009	-1	-1
106.05469	1.3627899e-010	2.1588647e-009	3.3572061e-009	-1	-1
106.34766	1.3587565e-010	2.2045766e-009	3.3409788e-009	-1	-1
106.64063	1.35456e-010	2.2530245e-009	3.3471109e-009	-1	-1
106.93359	1.3498404e-010	2.2999223e-009	3.3481042e-009	-1	-1
107.22656	1.3441976e-010	2.3477329e-009	3.3693631e-009	-1	-1
107.51953	1.341452e-010	2.3983621e-009	3.3186727e-009	-1	-1
107.8125	1.3406704e-010	2.45425e-009	3.3722706e-009	-1	-1
108.10547	1.3387728e-010	2.5170193e-009	3.3511707e-009	-1	-1
108.39844	1.3354173e-010	2.5819426e-009	3.4275598e-009	-1	-1
108.69141	1.3302447e-010	2.6469022e-009	3.4769176e-009	-1	-1
108.98438	1.3229343e-010	2.6846359e-009	3.5484737e-009	-1	-1
109.27734	1.3132128e-010	2.7169893e-009	3.6480949e-009	-1	-1
109.57031	1.3008017e-010	2.7442684e-009	3.7208332e-009	-1	-1
109.86328	1.2854894e-010	2.777689e-009	3.7782157e-009	-1	-1
110.15625	1.2671025e-010	2.8147218e-009	3.8260872e-009	-1	-1
110.44922	1.2454908e-010	2.8476228e-009	3.8387445e-009	-1	-1
110.74219	1.2205736e-010	2.8754993e-009	3.8366017e-009	-1	-1
111.03516	1.1923145e-010	2.8851698e-009	3.8746402e-009	-1	-1
111.32813	1.1607101e-010	2.8960191e-009	3.8767416e-009	7.4159543e-011	-1
111.62109	1.1298438e-010	2.9083932e-009	3.9407362e-009	1.0224108e-010	-1
111.91406	1.0960882e-010	2.9232183e-009	4.0119401e-009	1.3462058e-010	-1
112.20703	1.058897e-010	2.9380907e-009	4.0993761e-009	1.8255887e-010	-1
112.5	1.0184639e-010	2.9503253e-009	4.1935284e-009	2.4571186e-010	-1
112.79297	9.750476e-011	2.9597609e-009	4.2925942e-009	3.1796658e-010	-1
113.08594	9.2894607e-011	2.9644299e-009	4.4108719e-009	4.036407e-010	-1
113.37891	8.8051297e-011	2.9651846e-009	4.5317486e-009	5.0535769e-010	-1
113.67188	8.3015124e-011	2.9632502e-009	4.6439577e-009	6.204492e-010	-1
113.96484	7.7831124e-011	2.9585358e-009	4.7467062e-009	7.7314655e-010	-1
114.25781	7.2546208e-011	2.9482581e-009	4.8392884e-009	9.0387571e-010	-1
114.55078	6.7210907e-011	2.9338e-009	4.9210919e-009	1.0932094e-009	-1
114.84375	6.1877721e-011	2.9162993e-009	5.0081765e-009	1.3007013e-009	-1
115.13672	5.660101e-011	2.8958094e-009	5.151368e-009	1.5453782e-009	-1
115.42969	-1	2.8704742e-009	5.2996775e-009	1.8281791e-009	-1
115.72266	-1	2.8427661e-009	5.4106648e-009	2.1238755e-009	-1
116.01563	-1	2.8139006e-009	5.480863e-009	2.4203016e-009	-1
116.30859	-1	2.7839336e-009	5.5414569e-009	2.6909644e-009	-1
116.60156	-1	2.7505521e-009	5.6705661e-009	2.9653765e-009	-1
116.89453	-1	2.7139437e-009	5.7052206e-009	3.2197308e-009	-1
117.1875	-1	2.6762062e-009	5.7479647e-009	3.5650251e-009	-1
117.48047	-1	2.637451e-009	5.8214781e-009	3.8449631e-009	-1
117.77344	-1	2.5942559e-009	5.8805525e-009	4.157321e-009	-1
118.06641	-1	2.538837e-009	5.9581292e-009	4.4560153e-009	-1
118.35938	-1	2.4820534e-009	6.0368448e-009	4.7347732e-009	-1
118.65234	-1	2.4245495e-009	6.1177007e-009	4.9594698e-009	-1
118.94531	-1	2.3810976e-009	6.2050105e-009	5.1753023e-009	-1
119.23828	-1	2.3390517e-009	6.2508879e-009	5.3335075e-009	-1
119.53125	-1	2.2964076e-009	6.2682434e-009	5.4571788e-009	-1
119.82422	-1	2.253347e-009	6.2635465e-009	5.5016923e-009	-1
120.11719	-1	2.2100515e-009	6.2611742e-009	5.5213489e-009	-1
120.41016	-1	2.1667013e-009	6.2264389e-009	5.5653776e-009	-1
120.70313	-1	2.1234728e-009	6.1748579e-009	5.5471587e-009	-1
120.99609	-1	2.0805378e-009	6.2031614e-009	5.5134641e-009	-1
121.28906	-1	2.0380609e-009	6.2027674e-009	5.4657532e-009	-1
121.58203	-1	1.9961988e-009	6.1977284e-009	5.4056073e-009	-1
121.875	-1	1.9549103e-009	6.1527248e-009	5.335269e-009	-1
122.16797	-1	1.9103236e-009	6.1136468e-009	5.2547709e-009	-1
122.46094	-1	1.8663451e-009	6.0817634e-009	5.1642268e-009	-1
122.75391	-1	1.8241672e-009	6.015775e-009	5.1311082e-009	-1
123.04688	-1	1.7839088e-009	5.9562471e-009	5.0973666e-009	-1
123.33984	-1	1.7456734e-009	5.9026699e-009	5.0427448e-009	-1
123.63281	-1	1.7193128e-009	5.8630446e-009	5.0147277e-009	-1
123.92578	-1	1.7010473e-009	5.8092369e-009	4.9490334e-009	-1
124.21875	-1	1.6861163e-009	5.7332668e-009	4.8976337e-009	-1
124.51172	-1	1.6737424e-009	5.7199753e-009	4.8252691e-009	-1
124.80469	-1	1.6631176e-009	5.7071878e-009	4.7888423e-009	-1
125.09766	-1	1.6371188e-009	5.6553961e-009	4.704002e-009	-1
125.39063	-1	1.6080037e-009	5.6159398e-009	4.7181284e-009	-1
125.68359	-1	1.5794912e-009	5.5843413e-009	4.6772316e-009	-1
125.97656	-1	1.5515857e-009	5.5304103e-009	4.6020956e-009	-1
126.26953	-1	1.5242945e-009	5.4856999e-009	4.5855064e-009	-1
126.5625	-1	1.4995132e-009	5.4766748e-009	4.5523918e-009	-1
126.85547	-1	1.474689e-009	5.4434739e-009	4.5091061e-009	-1
127.14844	-1	1.4489717e-009	5.3821758e-009	4.5372207e-009	-1
127.44141	-1	1.4223133e-009	5.3521995e-009	4.5713282e-009	-1
127.73438	-1	1.3947093e-009	5.3519739e-009	4.5949934e-009	-1
128.02734	-1	1.3655368e-009	5.3442223e-009	4.6080751e-009	-1
128.32031	-1	1.3360807e-009	5.3291044e-009	4.610507e-009	-1
128.61328	-1	1.3073925e-009	5.3068117e-009	4.6154867e-009	-1
128.90625	-1	1.2795213e-009	5.2775671e-009	4.5972334e-009	-1
129.19922	-1	1.2525106e-009	5.2416239e-009	4.5562611e-009	-1
129.49219	-1	1.2264162e-009	5.202484e-009	4.4849167e-009	-1
129.78516	-1	1.2014764e-009	5.163842e-009	4.4291269e-009	-1
130.07813	-1	1.1774217e-009	5.1306794e-009	4.3563122e-009	-1
130.37109	-1	1.1542149e-009	5.0871097e-009	4.3216729e-009	-1
130.66406	-1	1.1318135e-009	5.0394461e-009	4.3065578e-009	-1
130.95703	-1	1.1101703e-009	5.0103006e-009	4.221402e-009	-1
131.25	-1	1.0880839e-009	4.9935074e-009	4.1628965e-009	-1
131.54297	-1	1.0649613e-009	4.9481299e-009	4.0835535e-009	-1
131.83594	-1	1.0424574e-009	4.9025379e-009	4.0094589e-009	-1
132.12891	-1	1.0205888e-009	4.8587017e-009	3.9607225e-009	-1
132.42188	-1	9.9936953e-010	4.8174399e-009	3.8746289e-009	-1
132.71484	-1	9.7881078e-010	4.7701826e-009	3.7805051e-009	-1
133.00781	-1	9.588432e-010	4.7062449e-009	3.6933799e-009	-1
133.30078	-1	9.3931955e-010	4.619161e-009	3.5801083e-009	-1
133.59375	-1	9.202469e-010	4.5504088e-009	3.4963507e-009	-1
133.88672	-1	9.0160916e-010	4.4974626e-009	3.4240175e-009	-1
134.17969	-1	8.8339383e-010	4.4750524e-009	3.3693156e-009	-1
134.47266	-1	8.6559035e-010	4.4811302e-009	3.3062322e-009	-1
134.76563	-1	8.4800279e-010	4.4613372e-009	3.286502e-009	-1
135.05859	-1	8.3069504e-010	4.4250199e-009	3.2365941e-009	-1
135.35156	-1	8.1403994e-010	4.4233592e-009	3.1855507e-009	-1
135.64453	-1	7.980166e-010	4.4376259e-009	3.1871633e-009	-1
135.9375	-1	7.8260226e-010	4.421693e-009	3.2110105e-009	-1
136.23047	-1	7.6777009e-010	4.3901036e-009	3.2253341e-009	-1
136.52344	-1	7.5349198e-010	4.354707e-009	3.2299961e-009	-1
136.81641	-1	7.4318628e-010	4.2941272e-009	3.2249814e-009	-1
137.10938	-1	7.3326372e-010	4.2295128e-009	3.2168626e-009	-1
137.40234	-1	7.234638e-010	4.1645883e-009	3.1747991e-009	-1
137.69531	-1	7.1359424e-010	4.1041164e-009	3.1561552e-009	-1
137.98828	-1	7.0347499e-010	4.0407228e-009	3.1367886e-009	-1
138.28125	-1	6.9294359e-010	3.9816826e-009	3.0478156e-009	-1
138.57422	-1	6.8016765e-010	3.917957e-009	3.0170954e-009	-1
138.86719	-1	6.6314028e-010	3.8585902e-009	2.9939238e-009	-1
139.16016	-1	6.4600836e-010	3.7932813e-009	2.9472034e-009	-1
139.45313	-1	6.2892469e-010	3.7283798e-009	2.956657e-009	6.7868847e-011
139.74609	-1	6.1204982e-010	3.6738375e-009	2.9255656e-009	7.427154e-011
140.03906	-1	5.9554859e-010	3.6285741e-009	2.8809607e-009	7.3712462e-011
140.33203	-1	5.7958652e-010	3.5805639e-009	2.8409941e-009	7.6767683e-011
140.625	-1	5.6467609e-010	3.5181836e-009	2.8162531e-009	7.8633552e-011
140.91797	-1	5.5060949e-010	3.4718758e-009	2.7822886e-009	9.1954681e-011
141.21094	-1	5.3636769e-010	3.4355205e-009	2.7655115e-009	9.0802342e-011
141.50391	-1	5.2208803e-010	3.4018066e-009	2.7439323e-009	8.6989573e-011
141.79688	-1	5.0792594e-010	3.3593111e-009	2.6882586e-009	9.1500483e-011
142.08984	-1	4.9405076e-010	3.3112687e-009	2.6093777e-009	9.875944e-011
142.38281	-1	4.8064055e-010	3.273095e-009	2.5506751e-009	1.01895e-010
142.67578	-1	4.6789601e-010	3.2614e-009	2.4503201e-009	1.0271212e-010
142.96875	-1	4.5861217e-010	3.2440014e-009	2.3648605e-009	1.0784326e-010
143.26172	-1	4.5051385e-010	3.1902643e-009	2.3054551e-009	1.0851354e-010
143.55469	-1	4.4357274e-010	3.1248071e-009	2.2405937e-009	1.1015161e-010
143.84766	-1	4.377392e-010	3.064655e-009	2.1807993e-009	1.0872919e-010
144.14063	-1	4.3295068e-010	3.0081042e-009	2.1358637e-009	1.0805753e-010
144.43359	-1	4.2912556e-010	2.9511536e-009	2.078499e-009	1.0484336e-010
144.72656	-1	4.2616947e-010	2.887408e-009	2.0184925e-009	1.0331328e-010
145.01953	-1	4.2342577e-010	2.8257133e-009	1.9602389e-009	1.0316118e-010
145.3125	-1	4.2038126e-010	2.7699763e-009	1.9128358e-009	1.0360719e-010
145.60547	-1	4.1806459e-010	2.7214329e-009	1.8739385e-009	1.073759e-010
145.89844	-1	4.1640682e-010	2.6826498e-009	1.82731e-009	1.0676982e-010
146.19141	-1	4.1533154e-010	2.6386987e-009	1.8185108e-009	1.0157678e-010
146.48438	-1	4.1475387e-010	2.5908105e-009	1.7881719e-009	9.8790099e-011
146.77734	-1	4.1458404e-010	2.5500641e-009	1.7648186e-009	9.6795958e-011
147.07031	-1	4.1472861e-010	2.5202435e-009	1.7420889e-009	9.3193268e-011
147.36328	-1	4.1449096e-010	2.4973479e-009	1.7149636e-009	9.3287373e-011
147.65625	-1	4.1302062e-010	2.4763963e-009	1.6837755e-009	9.7681595e-011
147.94922	-1	4.1173788e-010	2.4497009e-009	1.6489156e-009	1.0318142e-010
148.24219	-1	4.1063689e-010	2.4309329e-009	1.6099258e-009	1.1046778e-010
148.53516	-1	4.0971203e-010	2.4184749e-009	1.5880711e-009	1.1319187e-010
148.82813	-1	4.0895592e-010	2.410648e-009	1.552328e-009	1.241982e-010
149.12109	-1	4.0836124e-010	2.4080489e-009	1.5259356e-009	1.3431674e-010
149.41406	-1	4.0791934e-010	2.4029719e-009	1.5547549e-009	1.3933286e-010
149.70703	-1	4.0762152e-010	2.3994266e-009	1.5259837e-009	1.4527178e-010
150	-1	4.0752969e-010	2.3995878e-009	1.536221e-009	1.5528181e-010
150.29297	-1	4.0728816e-010	2.4049905e-009	1.5639703e-009	1.7603825e-010
150.58594	-1	4.0684732e-010	2.4104439e-009	1.5454937e-009	1.9907963e-010
150.87891	-1	4.0620759e-010	2.4136848e-009	1.5573261e-009	2.2275067e-010
151.17188	-1	4.0538049e-010	2.3913355e-009	1.566177e-009	2.4559856e-010
151.46484	-1	4.0438908e-010	2.3696085e-009	1.5676627e-009	2.6547803e-010
151.75781	-1	4.0326686e-010	2.3515788e-009	1.5763579e-009	2.8072995e-010
152.05078	-1	4.0205889e-010	2.3445079e-009	1.5868781e-009	3.2371975e-010
152.34375	-1	4.0081966e-010	2.3325866e-009	1.5935333e-009	3.4160937e-010
152.63672	-1	3.9771214e-010	2.3160724e-009	1.6099098e-009	3.4501808e-010
152.92969	-1	3.9449367e-010	2.2999717e-009	1.6053719e-009	3.4358124e-010
153.22266	-1	3.9147917e-010	2.2899118e-009	1.5934592e-009	3.3741082e-010
153.51563	-1	3.888418e-010	2.2851809e-009	1.6050509e-009	3.4774587e-010
153.80859	-1	3.8676348e-010	2.2743356e-009	1.5852713e-009	3.5850774e-010
154.10156	-1	3.8542767e-010	2.2640826e-009	1.567924e-009	3.857697e-010
154.39453	-1	3.8502103e-010	2.2557349e-009	1.5726271e-009	3.9756021e-010
154.6875	-1	3.857289e-010	2.2634229e-009	1.5777132e-009	4.0841528e-010
154.98047	-1	3.8773229e-010	2.279858e-009	1.5816605e-009	4.0667305e-010
155.27344	-1	3.9198099e-010	2.3050888e-009	1.5750371e-009	4.1500273e-010
155.56641	-1	3.9833707e-010	2.3220639e-009	1.5782025e-009	4.1724051e-010
155.85938	-1	4.0608842e-010	2.3417535e-009	1.5804781e-009	4.328648e-010
156.15234	-1	4.1529193e-010	2.3664437e-009	1.5680022e-009	4.5444118e-010
156.44531	-1	4.2599983e-010	2.403282e-009	1.567863e-009	4.7214191e-010
156.73828	-1	4.382535e-010	2.4498486e-009	1.5731766e-009	4.8722699e-010
157.03125	-1	4.5208313e-010	2.5027404e-009	1.5742913e-009	4.9611465e-010
157.32422	-1	4.6751097e-010	2.558169e-009	1.5761121e-009	4.974879e-010
157.61719	-1	4.8454569e-010	2.6131254e-009	1.5782467e-009	5.2068972e-010
157.91016	-1	5.0318227e-010	2.6714759e-009	1.5807044e-009	5.3703835e-010
158.20313	-1	5.2368998e-010	2.7311444e-009	1.583471e-009	5.7080526e-010
158.49609	-1	5.4684657e-010	2.7723799e-009	1.5865119e-009	5.9979117e-010
158.78906	-1	5.7262321e-010	2.8159337e-009	1.6187521e-009	6.2869233e-010
159.08203	-1	6.0092137e-010	2.8620557e-009	1.6329109e-009	6.6729911e-010
159.375	-1	6.3159103e-010	2.9178748e-009	1.6425636e-009	7.135941e-010
159.66797	-1	6.6442977e-010	2.9753821e-009	1.6774787e-009	7.6916872e-010
159.96094	-1	6.9918851e-010	3.0299241e-009	1.6868937e-009	8.1642908e-010
160.25391	-1	7.3557141e-010	3.0761476e-009	1.6745265e-009	8.5436642e-010
160.54688	-1	7.73237e-010	3.1043839e-009	1.6957465e-009	8.4951477e-010
160.83984	-1	8.1180213e-010	3.1392662e-009	1.7189658e-009	9.0771767e-010
161.13281	-1	8.5066968e-010	3.1815664e-009	1.730765e-009	9.0749308e-010
161.42578	-1	8.8419159e-010	3.2329911e-009	1.7389926e-009	9.6985004e-010
161.71875	-1	9.1705111e-010	3.2825716e-009	1.7445473e-009	1.006826e-009
162.01172	-1	9.489967e-010	3.327468e-009	1.758794e-009	1.0562335e-009
162.30469	-1	9.7978095e-010	3.3679195e-009	1.7753614e-009	1.1052558e-009
162.59766	-1	1.0091673e-009	3.4122681e-009	1.7746467e-009	1.1519917e-009
162.89063	-1	1.0369334e-009	3.4621593e-009	1.7757679e-009	1.1971301e-009
163.18359	-1	1.0628721e-009	3.5174146e-009	1.7766795e-009	1.2420011e-009
163.47656	-1	1.0867917e-009	3.5697016e-009	1.7983828e-009	1.2771906e-009
163.76953	-1	1.1085231e-009	3.6059596e-009	1.8357683e-009	1.3025027e-009
164.0625	-1	1.1279201e-009	3.6379042e-009	1.8491777e-009	1.3270713e-009
164.35547	-1	1.1448646e-009	3.6657432e-009	1.8660818e-009	1.350815e-009
164.64844	-1	1.1615671e-009	3.6997002e-009	1.9286306e-009	1.373657e-009
164.94141	-1	1.1758433e-009	3.7391904e-009	1.9841188e-009	1.4284644e-009
165.23438	-1	1.1870878e-009	3.7769619e-009	2.0364706e-009	1.5063621e-009
165.52734	-1	1.1951872e-009	3.812133e-009	2.0869634e-009	1.5921236e-009
165.82031	-1	1.2000668e-009	3.8448616e-009	2.1128329e-009	1.6698918e-009
166.11328	-1	1.2016884e-009	3.8754224e-009	2.1386239e-009	1.730921e-009
166.40625	-1	1.2000563e-009	3.9024829e-009	2.1699179e-009	1.7718762e-009
166.69922	-1	1.1952148e-009	3.9247632e-009	2.1919196e-009	1.837458e-009
166.99219	-1	1.1872475e-009	3.9238975e-009	2.2114416e-009	1.8866063e-009
167.28516	-1	1.1762789e-009	3.9108246e-009	2.2321821e-009	1.9489092e-009
167.57813	-1	1.1624624e-009	3.889536e-009	2.2519033e-009	2.013427e-009
167.87109	-1	1.1459864e-009	3.859892e-009	2.2906683e-009	2.0441641e-009
168.16406	-1	1.1282665e-009	3.8354206e-009	2.3339387e-009	2.0797464e-009
168.45703	-1	1.1087314e-009	3.8040335e-009	2.3611554e-009	2.1190144e-009
168.75	-1	1.087485e-009	3.7609411e-009	2.3864755e-009	2.1562443e-009
169.04297	-1	1.0647337e-009	3.7058861e-009	2.4101358e-009	2.1646253e-009
169.33594	-1	1.0406874e-009	3.6412359e-009	2.4323859e-009	2.1824311e-009
169.62891	-1	1.0155622e-009	3.5709993e-009	2.4534831e-009	2.1965546e-009
169.92188	-1	9.8957587e-010	3.4949153e-009	2.4736886e-009	2.2144404e-009
170.21484	-1	9.6294515e-010	3.4129844e-009	2.4911826e-009	2.2500353e-009
170.50781	-1	9.3588314e-010	3.3171094e-009	2.5139389e-009	2.2224939e-009
170.80078	-1	9.0859688e-010	3.2073114e-009	2.5589928e-009	2.219463e-009
171.09375	-1	8.8128598e-010	3.0950994e-009	2.6159431e-009	2.2123677e-009
171.38672	-1	8.5413894e-010	2.9815288e-009	2.6749712e-009	2.2000035e-009
171.67969	-1	8.2717972e-010	2.8661935e-009	2.7402595e-009	2.182523e-009
171.97266	-1	8.0006254e-010	2.7432165e-009	2.8210766e-009	2.1609233e-009
172.26563	-1	7.7356883e-010	2.6226196e-009	2.914576e-009	2.1363084e-009
172.55859	-1	7.4785215e-010	2.5056179e-009	3.0004469e-009	2.059186e-009
172.85156	-1	7.2305022e-010	2.3933087e-009	3.0844423e-009	2.0192368e-009
173.14453	-1	6.9928448e-010	2.2891146e-009	3.1685093e-009	1.9669883e-009
173.4375	-1	6.7666003e-010	2.1909222e-009	3.2508212e-009	1.9194123e-009
173.73047	-1	6.5526587e-010	2.0982034e-009	3.3350493e-009	1.8708824e-009
174.02344	-1	6.3517617e-010	2.0114167e-009	3.4252614e-009	1.8139147e-009
174.31641	-1	6.1644852e-010	1.9277876e-009	3.5040002e-009	1.7283632e-009
174.60938	-1	5.9912701e-010	1.8421026e-009	3.5698091e-009	1.6851961e-009
174.90234	-1	5.8324268e-010	1.767118e-009	3.6451901e-009	1.6103713e-009
175.19531	-1	5.6881436e-010	1.7030905e-009	3.7335902e-009	1.5464354e-009
175.48828	-1	5.558497e-010	1.6501376e-009	3.8282491e-009	1.5008042e-009
175.78125	-1	5.4438106e-010	1.6103647e-009	3.9196838e-009	1.4700318e-009
176.07422	-1	5.3434348e-010	1.5808553e-009	4.0207185e-009	1.4539418e-009
176.36719	-1	5.2567545e-010	1.5594625e-009	4.108715e-009	1.4063862e-009
176.66016	-1	5.1834795e-010	1.545941e-009	4.203813e-009	1.3633055e-009
176.95313	-1	5.1232584e-010	1.5400307e-009	4.2844984e-009	1.3166661e-009
177.24609	-1	5.0756812e-010	1.5270278e-009	4.36465e-009	1.2630292e-009
177.53906	-1	5.0402811e-010	1.5220652e-009	4.4658002e-009	1.2306365e-009
177.83203	-1	5.016535e-010	1.5279076e-009	4.5904099e-009	1.2040199e-009
178.125	-1	5.0038628e-010	1.544743e-009	4.7211494e-009	1.1832977e-009
178.41797	-1	5.0016255e-010	1.5726871e-009	4.8498571e-009	1.1624459e-009
178.71094	-1	5.009123e-010	1.6083984e-009	5.0032616e-009	1.1361988e-009
179.00391	-1	5.0255919e-010	1.6519266e-009	5.1367358e-009	1.1232723e-009
179.29688	-1	5.0502025e-010	1.7030887e-009	5.2710989e-009	1.1171309e-009
179.58984	-1	5.0820574e-010	1.7616391e-009	5.42636e-009	1.113215e-009
179.88281	-1	5.1201898e-010	1.8271616e-009	5.6011614e-009	1.0944297e-009
180.17578	-1	5.159568e-010	1.8959133e-009	5.7746033e-009	1.1006478e-009
180.46875	-1	5.2033355e-010	1.973146e-009	5.9107224e-009	1.112805e-009
180.76172	-1	5.2507682e-010	2.0585232e-009	6.0526919e-009	1.1135045e-009
181.05469	-1	5.3007187e-010	2.1516151e-009	6.1890218e-009	1.1490215e-009
181.34766	-1	5.3519845e-010	2.2519072e-009	6.3145013e-009	1.1647713e-009
181.64063	-1	5.4033143e-010	2.358392e-009	6.4392719e-009	1.1700358e-009
181.93359	-1	5.4534187e-010	2.4697463e-009	6.5807736e-009	1.1996142e-009
182.22656	-1	5.5009835e-010	2.5637285e-009	6.7220335e-009	1.1837918e-009
182.51953	-1	5.5446846e-010	2.6576894e-009	6.8459863e-009	1.1830482e-009
182.8125	-1	5.5832046e-010	2.8180237e-009	6.9580029e-009	1.1780389e-009
183.10547	-1	5.6152523e-010	2.918074e-009	7.0631108e-009	1.1690153e-009
183.39844	-1	5.6395825e-010	3.0373871e-009	7.1677549e-009	1.1562549e-009
183.69141	-1	5.6550176e-010	3.1701714e-009	7.2662828e-009	1.1400519e-009
183.98438	-1	5.6604702e-010	3.2689218e-009	7.3157276e-009	1.123773e-009
184.27734	-1	5.6549656e-010	3.4118983e-009	7.3502011e-009	1.1312439e-009
184.57031	-1	5.6386263e-010	3.5407783e-009	7.3750057e-009	1.1125238e-009
184.86328	-1	5.6147964e-010	3.6598554e-009	7.3720253e-009	1.0857458e-009
185.15625	-1	5.5757656e-010	3.7690079e-009	7.3581878e-009	1.0504211e-009
185.44922	-1	5.5212566e-010	3.8701021e-009	7.3555014e-009	1.0207995e-009
185.74219	-1	5.4512546e-010	3.9669332e-009	7.3637071e-009	9.9020675e-010
186.03516	-1	5.3660174e-010	4.0592116e-009	7.3721411e-009	9.5991431e-010
186.32813	-1	5.2660794e-010	4.1466676e-009	7.3454774e-009	9.1336367e-010
186.62109	-1	5.1522507e-010	4.229039e-009	7.311389e-009	8.717135e-010
186.91406	-1	5.0256102e-010	4.3159908e-009	7.2714446e-009	8.363421e-010
187.20703	-1	4.8874933e-010	4.400786e-009	7.2231081e-009	7.8603295e-010
187.5	-1	4.7394726e-010	4.478322e-009	7.1635092e-009	7.4894075e-010
187.79297	-1	4.5833352e-010	4.5474936e-009	7.0929155e-009	7.2202081e-010
188.08594	-1	4.421053e-010	4.6072137e-009	7.0118576e-009	6.7083674e-010
188.37891	-1	4.254763e-010	4.6564895e-009	6.920679e-009	6.2886594e-010
188.67188	-1	4.0867013e-010	4.6794362e-009	6.8197523e-009	5.93113e-010
188.96484	-1	3.9191762e-010	4.6896091e-009	6.7103358e-009	5.4587058e-010
189.25781	-1	3.754538e-010	4.69174e-009	6.5949662e-009	5.0300454e-010
189.55078	-1	3.5951877e-010	4.6859931e-009	6.4733537e-009	4.6196127e-010
189.84375	-1	3.4456738e-010	4.6725417e-009	6.3208026e-009	4.2955932e-010
190.13672	-1	3.3075945e-010	4.6515513e-009	6.1632721e-009	4.0566991e-010
190.42969	-1	3.1827734e-010	4.6262765e-009	6.0032077e-009	3.8044753e-010
190.72266	-1	3.0728795e-010	4.5934245e-009	5.8445997e-009	3.5732041e-010
191.01563	-1	2.9794042e-010	4.5510716e-009	5.68735e-009	3.3704219e-010
191.30859	-1	2.9036419e-010	4.4992294e-009	5.5184382e-009	3.1735769e-010
191.60156	-1	2.8466975e-010	4.4380156e-009	5.3286251e-009	3.0218748e-010
191.89453	-1	2.8093998e-010	4.3676877e-009	5.13989e-009	2.9294247e-010
192.1875	-1	2.7923593e-010	4.2853703e-009	4.9641173e-009	2.8746789e-010
192.48047	-1	2.7959413e-010	4.1920706e-009	4.7986335e-009	2.8674795e-010
192.77344	-1	2.8202594e-010	4.0948969e-009	4.6344922e-009	2.8102696e-010
193.06641	-1	2.8651732e-010	3.9945966e-009	4.4147018e-009	2.7970916e-010
193.35938	-1	2.9302898e-010	3.8918745e-009	4.1759398e-009	2.8993325e-010
193.65234	-1	3.0149673e-010	3.787414e-009	3.9548749e-009	3.0305729e-010
193.94531	-1	3.1183413e-010	3.6818431e-009	3.7878233e-009	3.1914347e-010
194.23828	-1	3.2392864e-010	3.5703838e-009	3.6410152e-009	3.3179112e-010
194.53125	-1	3.3764484e-010	3.4586295e-009	3.4996015e-009	3.4628311e-010
194.82422	-1	3.5282757e-010	3.3479e-009	3.3626116e-009	3.5525435e-010
195.11719	-1	3.6959758e-010	3.238792e-009	3.2390528e-009	3.6517005e-010
195.41016	-1	3.8762595e-010	3.1318352e-009	3.1304933e-009	3.7372624e-010
195.70313	-1	4.0625373e-010	3.027458e-009	3.033376e-009	3.8200491e-010
195.99609	-1	4.252187e-010	2.9253996e-009	2.9448265e-009	3.9383214e-010
196.28906	-1	-1	2.8238605e-009	2.8650178e-009	4.0734861e-010
196.58203	-1	-1	2.7252896e-009	2.7940134e-009	4.2264827e-010
196.875	-1	-1	2.6299026e-009	2.7318299e-009	4.3981362e-010
197.16797	-1	-1	2.5378587e-009	2.6777265e-009	4.5891407e-010
197.46094	-1	-1	2.4492414e-009	2.6269848e-009	4.7959482e-010
197.75391	-1	-1	2.3640743e-009	2.5809847e-009	5.0121578e-010
198.04688	-1	-1	2.2822782e-009	2.542629e-009	5.1973166e-010
198.33984	-1	-1	2.2039997e-009	2.5083373e-009	5.500508e-010
198.63281	-1	-1	2.1292673e-009	2.4768838e-009	5.9435986e-010
198.92578	-1	-1	2.0577728e-009	2.4523659e-009	6.2932016e-010
199.21875	-1	-1	1.989189e-009	2.4347018e-009	6.609164e-010
199.51172	-1	-1	1.9231531e-009	2.4208599e-009	6.9612004e-010
199.80469	-1	-1	1.8592997e-009	2.4054851e-009	7.3387259e-010
200.09766	-1	-1	1.7967705e-009	2.3881683e-009	7.6476449e-010
200.39063	-1	-1	1.7335923e-009	2.3847262e-009	7.970882e-010
200.68359	-1	-1	1.6719358e-009	2.3815615e-009	8.3016685e-010
200.97656	-1	-1	1.6115573e-009	2.3770698e-009	8.6815538e-010
201.26953	-1	-1	1.5522446e-009	2.3567343e-009	9.0915294e-010
201.5625	-1	-1	1.4938188e-009	2.3315286e-009	9.6824824e-010
201.85547	-1	-1	1.4361394e-009	2.3104292e-009	1.0513534e-009
202.14844	-1	-1	1.3791109e-009	2.2943215e-009	1.1191979e-009
202.44141	-1	-1	1.3182016e-009	2.2830078e-009	1.1730617e-009
202.73438	-1	-1	1.2571223e-009	2.2740253e-009	1.2210207e-009
203.02734	-1	-1	1.1971701e-009	2.2673309e-009	1.2565954e-009
203.32031	-1	-1	1.138586e-009	2.2564384e-009	1.293711e-009
203.61328	-1	-1	1.0816089e-009	2.2523847e-009	1.3359514e-009
203.90625	-1	-1	1.0264821e-009	2.2563855e-009	1.3590241e-009
204.19922	-1	-1	9.7345161e-010	2.267338e-009	1.3671672e-009
204.49219	-1	-1	9.2313499e-010	2.281352e-009	1.3798973e-009
204.78516	-1	-1	8.7643414e-010	2.298009e-009	1.394996e-009
205.07813	-1	-1	8.3155418e-010	2.3168119e-009	1.4048283e-009
205.37109	-1	-1	7.8876705e-010	2.3060396e-009	1.4080149e-009
205.66406	-1	-1	7.4835235e-010	2.2965383e-009	1.4150455e-009
205.95703	-1	-1	7.1058599e-010	2.2926091e-009	1.4257343e-009
206.25	-1	-1	6.757188e-010	2.2976254e-009	1.4267968e-009
206.54297	-1	-1	6.4398035e-010	2.3119351e-009	1.4173144e-009
206.83594	-1	-1	6.140128e-010	2.3285225e-009	1.4006081e-009
207.12891	-1	-1	5.8417321e-010	2.3472282e-009	1.4029186e-009
207.42188	-1	-1	5.5822723e-010	2.3725481e-009	1.4049722e-009
207.71484	-1	-1	4.5636902e-010	2.4016478e-009	1.4052029e-009
208.00781	-1	-1	4.6344092e-010	2.4317319e-009	1.4037088e-009
208.30078	-1	-1	4.7937175e-010	2.4620181e-009	1.4005695e-009
208.59375	-1	-1	4.6634026e-010	2.4877662e-009	1.395844e-009
208.88672	-1	-1	4.4258554e-010	2.5143176e-009	1.3713406e-009
209.17969	-1	-1	4.667279e-010	2.5409052e-009	1.3675231e-009
209.47266	-1	-1	4.923969e-010	2.5612553e-009	1.377814e-009
209.76563	-1	-1	4.7794283e-010	2.5612329e-009	1.3799661e-009
210.05859	-1	-1	4.7605836e-010	2.5572155e-009	1.3770161e-009
210.35156	-1	-1	5.1706184e-010	2.5511897e-009	1.3707126e-009
210.64453	-1	-1	5.4329324e-010	2.5543281e-009	1.345919e-009
210.9375	-1	-1	5.1578114e-010	2.5548437e-009	1.3196762e-009
211.23047	-1	-1	5.3853604e-010	2.5527977e-009	1.3061382e-009
211.52344	-1	-1	5.6342746e-010	2.5482864e-009	1.2930369e-009
211.81641	-1	-1	5.8980493e-010	2.5414384e-009	1.2756178e-009
212.10938	-1	-1	6.1740351e-010	2.5324114e-009	1.2597645e-009
212.40234	-1	-1	6.4595424e-010	2.5213885e-009	1.2426752e-009
212.69531	-1	-1	6.7518595e-010	2.5064667e-009	1.2251418e-009
212.98828	-1	-1	7.0482353e-010	2.4815773e-009	1.2083915e-009
213.28125	-1	-1	7.3459209e-010	2.4539352e-009	1.1930577e-009
213.57422	-1	-1	7.6421739e-010	2.4241828e-009	1.1790762e-009
213.86719	-1	-1	7.9364737e-010	2.3934278e-009	1.1668987e-009
214.16016	-1	-1	8.224311e-010	2.3672051e-009	1.1588786e-009
214.45313	-1	-1	8.5023216e-010	2.3418789e-009	1.1491973e-009
214.74609	-1	-1	8.7677104e-010	2.3176569e-009	1.1437894e-009
215.03906	-1	-1	9.0177862e-010	2.2942871e-009	1.1275469e-009
215.33203	-1	-1	9.2499979e-010	2.2668138e-009	1.1018253e-009
215.625	-1	-1	9.461969e-010	2.2391234e-009	1.0792956e-009
215.91797	-1	-1	9.6515455e-010	2.2115216e-009	1.0631576e-009
216.21094	-1	-1	9.816822e-010	2.184542e-009	1.0494895e-009
216.50391	-1	-1	9.9520757e-010	2.169918e-009	1.0526139e-009
216.79688	-1	-1	1.0055845e-009	2.1571315e-009	1.0608534e-009
217.08984	-1	-1	1.013209e-009	2.1458916e-009	1.0718845e-009
217.38281	-1	-1	1.0180519e-009	2.1358643e-009	1.0881494e-009
217.67578	-1	-1	1.0201183e-009	2.1068805e-009	1.1087077e-009
217.96875	-1	-1	1.0194467e-009	2.0801281e-009	1.115638e-009
218.26172	-1	-1	1.0161082e-009	2.0588202e-009	1.1181171e-009
218.55469	-1	-1	1.0102047e-009	2.0430342e-009	1.1183135e-009
218.84766	-1	-1	1.0018666e-009	2.0425096e-009	1.1179848e-009
219.14063	-1	-1	9.9125056e-010	2.0517394e-009	1.1150089e-009
219.43359	-1	-1	9.7907962e-010	2.0649453e-009	1.1054524e-009
219.72656	-1	-1	9.6504456e-010	2.0811781e-009	1.1019835e-009
220.01953	-1	-1	9.4912096e-010	2.0936292e-009	1.0984176e-009
220.3125	-1	-1	9.3149673e-010	2.0952398e-009	1.0943466e-009
220.60547	-1	-1	9.1237822e-010	2.0938013e-009	1.089843e-009
220.89844	-1	-1	8.9198754e-010	2.0886405e-009	1.0849724e-009
221.19141	-1	-1	8.7055887e-010	2.0792401e-009	1.0797927e-009
221.48438	-1	-1	8.4833705e-010	2.0713976e-009	1.0741133e-009
221.77734	-1	-1	8.2557278e-010	2.0641553e-009	1.0586413e-009
222.07031	-1	-1	8.0251882e-010	2.0569403e-009	1.0381399e-009
222.36328	-1	-1	7.7943222e-010	2.0491659e-009	1.0189438e-009
222.65625	-1	-1	7.5663432e-010	2.0307624e-009	1.0026528e-009
222.94922	-1	-1	7.3435154e-010	2.0025078e-009	9.8736705e-010
223.24219	-1	-1	7.1277814e-010	1.972129e-009	9.7918911e-010
223.53516	-1	-1	6.9209156e-010	1.9398974e-009	9.7646321e-010
223.82813	-1	-1	6.7244999e-010	1.9060335e-009	9.7334062e-010
224.12109	-1	-1	6.5399239e-010	1.8662917e-009	9.6138408e-010
224.41406	-1	-1	6.3683632e-010	1.8256046e-009	9.4951148e-010
224.70703	-1	-1	6.2107673e-010	1.784446e-009	9.3989459e-010
225	-1	-1	6.067857e-010	1.7432699e-009	9.3578195e-010
225.29297	-1	-1	5.9407184e-010	1.704742e-009	9.3443794e-010
225.58594	-1	-1	5.8393118e-010	1.6694781e-009	9.2735719e-010
225.87891	-1	-1	5.7576809e-010	1.6336604e-009	9.2170134e-010
226.17188	-1	-1	5.6945166e-010	1.5973832e-009	9.2338837e-010
226.46484	-1	-1	5.6481822e-010	1.5607546e-009	9.2432362e-010
226.75781	-1	-1	5.6167656e-010	1.5149039e-009	9.2346472e-010
227.05078	-1	-1	5.5981355e-010	1.4653855e-009	9.2154902e-010
227.34375	-1	-1	5.5900008e-010	1.4172533e-009	9.2152496e-010
227.63672	-1	-1	5.5899658e-010	1.3711175e-009	9.2188529e-010
227.92969	-1	-1	5.5956144e-010	1.3275189e-009	9.2150493e-010
228.22266	-1	-1	5.6045539e-010	1.2959973e-009	9.1839787e-010
228.51563	-1	-1	5.6137223e-010	1.2684717e-009	9.1306246e-010
228.80859	-1	-1	5.6067057e-010	1.243286e-009	9.0736217e-010
229.10156	-1	-1	5.5962498e-010	1.2201498e-009	9.0204887e-010
229.39453	-1	-1	5.5815648e-010	1.1987697e-009	8.964555e-010
229.6875	-1	-1	5.5621391e-010	1.177999e-009	8.9337745e-010
229.98047	-1	-1	5.5377461e-010	1.1594648e-009	8.9012767e-010
230.27344	-1	-1	5.5084448e-010	1.142829e-009	8.859513e-010
230.56641	-1	-1	5.4745717e-010	1.1276928e-009	8.7746859e-010
230.85938	-1	-1	5.4367276e-010	1.1136654e-009	8.6752486e-010
231.15234	-1	-1	5.6075026e-010	1.0821633e-009	8.5624499e-010
231.44531	-1	-1	5.6019315e-010	1.0490623e-009	8.435755e-010
231.73828	-1	-1	5.5908515e-010	1.0155391e-009	8.3013518e-010
232.03125	-1	-1	5.5736413e-010	9.8218673e-010	8.1663084e-010
232.32422	-1	-1	5.5500214e-010	9.4958689e-010	8.0414924e-010
232.61719	-1	-1	5.5200665e-010	9.3686384e-010	7.8871314e-010
232.91016	-1	-1	5.4807453e-010	9.2887168e-010	7.6991101e-010
233.20313	-1	-1	5.4318414e-010	9.2225526e-010	7.4810186e-010
233.49609	-1	-1	5.3833522e-010	9.1660978e-010	7.2720073e-010
233.78906	-1	-1	5.3367281e-010	9.1154401e-010	7.0394488e-010
234.08203	-1	-1	5.2935194e-010	9.0333159e-010	6.6949483e-010
234.375	-1	-1	5.2553446e-010	8.9324778e-010	6.3911714e-010
234.66797	-1	-1	5.2238557e-010	8.829103e-010	6.1510357e-010
234.96094	-1	-1	5.283514e-010	8.7218972e-010	6.0230428e-010
235.25391	-1	-1	5.2779374e-010	8.6100333e-010	5.8989065e-010
235.54688	-1	-1	5.286342e-010	8.5129796e-010	5.7833416e-010
235.83984	-1	-1	5.3142507e-010	8.466565e-010	5.7258352e-010
236.13281	-1	-1	5.3548381e-010	8.4368761e-010	5.6813209e-010
236.42578	-1	-1	5.4085637e-010	8.4211184e-010	5.6462835e-010
236.71875	-1	-1	5.475745e-010	8.4163415e-010	5.5659774e-010
237.01172	-1	-1	5.5565439e-010	8.4194725e-010	5.4963976e-010
237.30469	-1	-1	5.6509546e-010	8.3804005e-010	5.4370705e-010
237.59766	-1	-1	5.7587939e-010	8.3351258e-010	5.2992029e-010
237.89063	-1	-1	5.8796928e-010	8.2879472e-010	5.1753857e-010
238.18359	-1	-1	6.013092e-010	8.2383613e-010	5.0876823e-010
238.47656	-1	-1	6.1582388e-010	8.1861325e-010	5.0454873e-010
238.76953	-1	-1	6.3141879e-010	8.1090865e-010	5.0202613e-010
239.0625	-1	-1	6.4798052e-010	7.9876492e-010	4.9998475e-010
239.35547	-1	-1	6.6553076e-010	7.8657921e-010	4.9526218e-010
239.64844	-1	-1	6.8504271e-010	7.7470897e-010	4.8615261e-010
239.94141	-1	-1	7.0507541e-010	7.6351372e-010	4.7735677e-010
240.23438	-1	-1	7.2535292e-010	7.5333611e-010	4.7020939e-010
240.52734	-1	-1	7.4558981e-010	7.4870324e-010	4.7151618e-010
240.82031	-1	-1	7.6549659e-010	7.4738512e-010	4.7290028e-010
241.11328	-1	-1	7.8478508e-010	7.4734688e-010	4.7414034e-010
241.40625	-1	-1	8.0317378e-010	7.4858049e-010	4.7294399e-010
241.69922	-1	-1	8.2039292e-010	7.5106591e-010	4.699472e-010
241.99219	-1	-1	8.3618931e-010	7.5477456e-010	4.6557899e-010
242.28516	-1	-1	8.5033065e-010	7.6376441e-010	4.6019655e-010
242.57813	-1	-1	8.6260936e-010	7.7482131e-010	4.5376575e-010
242.87109	-1	-1	8.7284589e-010	7.8713229e-010	4.4593494e-010
243.16406	-1	-1	8.8089132e-010	8.0040177e-010	4.3690086e-010
243.45703	-1	-1	8.8663398e-010	8.143424e-010	4.2928663e-010
243.75	-1	-1	8.9017992e-010	8.2865584e-010	4.2345236e-010
244.04297	-1	-1	8.9154457e-010	8.4380143e-010	4.1936561e-010
244.33594	-1	-1	8.9068735e-010	8.5953533e-010	4.1557304e-010
244.62891	-1	-1	8.875933e-010	8.7538682e-010	4.1159875e-010
244.92188	-1	-1	8.8227284e-010	8.9089561e-010	4.0822614e-010
245.21484	-1	-1	8.7476111e-010	9.0558694e-010	4.0529033e-010
245.50781	-1	-1	8.6511693e-010	9.1900464e-010	4.0064388e-010
245.80078	-1	-1	8.5342141e-010	9.2763552e-010	3.9540533e-010
246.09375	-1	-1	8.397767e-010	9.3462709e-010	3.8964077e-010
246.38672	-1	-1	8.2430322e-010	9.401841e-010	3.817094e-010
246.67969	-1	-1	8.0713776e-010	9.4407666e-010	3.7309688e-010
246.97266	-1	-1	7.8843173e-010	9.4610065e-010	3.6590024e-010
247.26563	-1	-1	7.6834843e-010	9.4607647e-010	3.6023457e-010
247.55859	-1	-1	7.4706061e-010	9.432098e-010	3.5596972e-010
247.85156	-1	-1	7.2501763e-010	9.3800082e-010	3.5181785e-010
248.14453	-1	-1	7.0245575e-010	9.3073829e-010	3.4776992e-010
248.4375	-1	-1	6.7950346e-010	9.2138624e-010	3.4434769e-010
248.73047	-1	-1	6.5629933e-010	9.0993831e-010	3.433948e-010
249.02344	-1	-1	6.3297395e-010	8.9641468e-010	3.4414831e-010
249.31641	-1	-1	6.0964956e-010	8.8020487e-010	3.4645906e-010
249.60938	-1	-1	5.8643958e-010	8.6122218e-010	3.4622455e-010
249.90234	-1	-1	5.6344851e-010	8.4122218e-010	3.4399012e-010
250.19531	-1	-1	5.4077197e-010	8.2033545e-010	3.4258872e-010
250.48828	-1	-1	5.1849682e-010	7.9868914e-010	3.4205444e-010
250.78125	-1	-1	4.9670112e-010	7.7640741e-010	3.5009315e-010
251.07422	-1	-1	4.7545621e-010	7.5361363e-010	3.609133e-010
251.36719	-1	-1	4.5482551e-010	7.2454876e-010	3.7246008e-010
251.66016	-1	-1	4.3486554e-010	6.9283639e-010	3.8415876e-010
251.95313	-1	-1	4.1562648e-010	6.6017165e-010	3.8593663e-010
252.24609	-1	-1	3.9657841e-010	6.2710956e-010	3.8626117e-010
252.53906	-1	-1	3.7799424e-010	5.9418967e-010	3.8512384e-010
252.83203	-1	-1	3.6034466e-010	5.6191321e-010	3.8175438e-010
253.125	-1	-1	3.4369244e-010	5.3076352e-010	3.7335606e-010
253.41797	-1	-1	3.2809125e-010	5.0163604e-010	3.6537257e-010
253.71094	-1	-1	3.1358534e-010	4.7496565e-010	3.5805701e-010
254.00391	-1	-1	3.0020921e-010	4.5096715e-010	3.5263712e-010
254.29688	-1	-1	2.8798714e-010	4.2979887e-010	3.5044702e-010
254.58984	-1	-1	2.7693334e-010	4.1156563e-010	3.4739075e-010
254.88281	-1	-1	2.6705157e-010	3.9631578e-010	3.4346765e-010
255.17578	-1	-1	2.5833488e-010	3.8413763e-010	3.3913376e-010
255.46875	-1	-1	2.5076567e-010	3.7400474e-010	3.3532105e-010
255.76172	-1	-1	2.4431573e-010	3.6519304e-010	3.3076126e-010
256.05469	-1	-1	2.3894631e-010	3.5767721e-010	3.2543059e-010
256.34766	-1	-1	2.3460873e-010	3.514119e-010	3.1925662e-010
256.64063	-1	-1	2.3124433e-010	3.463363e-010	3.1208053e-010
256.93359	-1	-1	2.295895e-010	3.423725e-010	3.0418806e-010
257.22656	-1	-1	2.2966693e-010	3.3921308e-010	2.9563101e-010
257.51953	-1	-1	2.3020659e-010	3.3660725e-010	2.8637308e-010
257.8125	-1	-1	2.310412e-010	3.3497598e-010	2.7593726e-010
258.10547	-1	-1	2.3201009e-010	3.3426621e-010	2.6530253e-010
258.39844	-1	-1	2.3296074e-010	3.34433e-010	2.5458119e-010
258.69141	-1	-1	2.3375197e-010	3.3543795e-010	2.4388625e-010
258.98438	-1	-1	2.342557e-010	3.3724701e-010	2.3070616e-010
259.27734	-1	-1	2.3435973e-010	3.401094e-010	2.1897636e-010
259.57031	-1	-1	2.339685e-010	3.45083e-010	2.0900485e-010
259.86328	-1	-1	2.330037e-010	3.5033421e-010	2.0091174e-010
260.15625	-1	-1	2.3140542e-010	3.5573446e-010	1.921068e-010
260.44922	-1	-1	-1	3.6115659e-010	1.8428761e-010
260.74219	-1	-1	-1	3.66477e-010	1.7854861e-010
261.03516	-1	-1	-1	3.7157656e-010	1.7497069e-010
261.32813	-1	-1	-1	3.7634221e-010	1.739944e-010
261.62109	-1	-1	-1	3.8025268e-010	1.7413329e-010
261.91406	-1	-1	-1	3.8323341e-010	1.7415052e-010
262.20703	-1	-1	-1	3.852946e-010	1.7394943e-010
262.5	-1	-1	-1	3.8639183e-010	1.735377e-010
262.79297	-1	-1	-1	3.8650473e-010	1.7365207e-010
263.08594	-1	-1	-1	3.8563506e-010	1.7345972e-010
263.37891	-1	-1	-1	3.8380624e-010	1.7288853e-010
263.67188	-1	-1	-1	3.8110848e-010	1.7189319e-010
263.96484	-1	-1	-1	3.7781978e-010	1.7332154e-010
264.25781	-1	-1	-1	3.738973e-010	1.7749901e-010
264.55078	-1	-1	-1	3.6939657e-010	1.8314305e-010
264.84375	-1	-1	-1	3.6437621e-010	1.9000648e-010
265.13672	-1	-1	-1	3.5889597e-010	1.9715957e-010
265.42969	-1	-1	-1	3.5301553e-010	2.0121026e-010
265.72266	-1	-1	-1	3.467938e-010	2.0474328e-010
266.01563	-1	-1	-1	3.4051269e-010	2.0759205e-010
266.30859	-1	-1	-1	3.337663e-010	2.0960877e-010
266.60156	-1	-1	-1	3.2617063e-010	2.0867726e-010
266.89453	-1	-1	-1	3.1780893e-010	2.066307e-010
267.1875	-1	-1	-1	3.0878195e-010	2.0518754e-010
267.48047	-1	-1	-1	2.9920535e-010	2.0437416e-010
267.77344	-1	-1	-1	2.8920584e-010	2.0417521e-010
268.06641	-1	-1	-1	2.7891854e-010	2.0401392e-010
268.35938	-1	-1	-1	2.687083e-010	2.0331742e-010
268.65234	-1	-1	-1	2.5882115e-010	2.0203164e-010
268.94531	-1	-1	-1	2.4915608e-010	2.0010758e-010
269.23828	-1	-1	-1	2.3980993e-010	1.9601104e-010
269.53125	-1	-1	-1	2.3087144e-010	1.8584467e-010
269.82422	-1	-1	-1	2.2242091e-010	1.7461704e-010
270.11719	-1	-1	-1	2.1452921e-010	1.6269407e-010
270.41016	-1	-1	-1	2.0725723e-010	1.5044253e-010
270.70313	-1	-1	-1	2.0056321e-010	1.3955982e-010
270.99609	-1	-1	-1	1.9448174e-010	1.304216e-010
271.28906	-1	-1	-1	1.8934688e-010	1.2130661e-010
271.58203	-1	-1	-1	1.8517034e-010	1.1239324e-010
271.875	-1	-1	-1	1.8195538e-010	1.0384656e-010
272.16797	-1	-1	-1	1.796981e-010	9.7397035e-011
272.46094	-1	-1	-1	1.7838818e-010	9.2437228e-011
272.75391	-1	-1	-1	1.7800946e-010	8.7545531e-011
273.04688	-1	-1	-1	1.7854024e-010	8.2711718e-011
273.33984	-1	-1	-1	1.8088513e-010	7.7928441e-011
273.63281	-1	-1	-1	1.8444033e-010	7.3520644e-011
273.92578	-1	-1	-1	1.8898208e-010	6.9538691e-011
274.21875	-1	-1	-1	1.9441808e-010	6.5755286e-011
274.51172	-1	-1	-1	2.0063848e-010	6.2138896e-011
274.80469	-1	-1	-1	2.0751616e-010	5.8665709e-011
275.09766	-1	-1	-1	2.1490767e-010	5.5065379e-011
275.39063	-1	-1	-1	2.2265505e-010	5.1707978e-011
275.68359	-1	-1	-1	2.2994425e-010	4.8906201e-011
275.97656	-1	-1	-1	2.342974e-010	4.6635054e-011
276.26953	-1	-1	-1	2.388819e-010	4.4860111e-011
276.5625	-1	-1	-1	2.4370702e-010	4.3357076e-011
276.85547	-1	-1	-1	2.487824e-010	4.1925365e-011
277.14844	-1	-1	-1	2.5411587e-010	4.0783563e-011
277.44141	-1	-1	-1	2.5971142e-010	3.9906917e-011
277.73438	-1	-1	-1	2.6556689e-010	3.9272582e-011
278.02734	-1	-1	-1	2.7167181e-010	3.8898797e-011
278.32031	-1	-1	-1	2.7812163e-010	3.874782e-011
278.61328	-1	-1	-1	2.8533599e-010	3.8461623e-011
278.90625	-1	-1	-1	2.9299689e-010	3.8005089e-011
279.19922	-1	-1	-1	3.0100586e-010	3.736277e-011
279.49219	-1	-1	-1	3.0923832e-010	3.6542011e-011
279.78516	-1	-1	-1	3.1754551e-010	3.7140863e-011
280.07813	-1	-1	-1	3.2575768e-010	3.8283301e-011
280.37109	-1	-1	-1	3.3368817e-010	3.9709784e-011
280.66406	-1	-1	-1	3.4113846e-010	4.1432911e-011
280.95703	-1	-1	-1	3.4780386e-010	4.3480882e-011
281.25	-1	-1	-1	3.5083062e-010	4.6768318e-011
281.54297	-1	-1	-1	3.5286771e-010	5.1311226e-011
281.83594	-1	-1	-1	3.5387844e-010	5.5599684e-011
282.12891	-1	-1	-1	3.5383643e-010	5.9380959e-011
282.42188	-1	-1	-1	3.527258e-010	6.2428078e-011
282.71484	-1	-1	-1	3.5054129e-010	6.4554011e-011
283.00781	-1	-1	-1	3.4728814e-010	6.3718174e-011
283.30078	-1	-1	-1	3.4298201e-010	6.250514e-011
283.59375	-1	-1	-1	3.3764868e-010	6.1203274e-011
283.88672	-1	-1	-1	3.3133107e-010	5.987195e-011
284.17969	-1	-1	-1	3.2393964e-010	5.8570041e-011
284.47266	-1	-1	-1	3.1549046e-010	5.8102026e-011
284.76563	-1	-1	-1	3.0605979e-010	5.9860419e-011
285.05859	-1	-1	-1	2.9573722e-010	6.2071561e-011
285.35156	-1	-1	-1	2.8462374e-010	6.458245e-011
285.64453	-1	-1	-1	2.7282961e-010	6.7223249e-011
285.9375	-1	-1	-1	2.6047208e-010	6.9816103e-011
286.23047	-1	-1	-1	2.4767293e-010	7.2396518e-011
286.52344	-1	-1	-1	2.3455602e-010	7.4759116e-011
286.81641	-1	-1	-1	2.2154819e-010	7.6649525e-011
287.10938	-1	-1	-1	2.0860719e-010	7.7996936e-011
287.40234	-1	-1	-1	1.9573685e-010	7.8745324e-011
287.69531	-1	-1	-1	-1	7.8856277e-011
287.98828	-1	-1	-1	-1	7.8298096e-011
288.28125	-1	-1	-1	-1	7.7418171e-011
288.57422	-1	-1	-1	-1	7.6269331e-011
288.86719	-1	-1	-1	-1	7.4846938e-011
289.16016	-1	-1	-1	-1	7.3145682e-011
289.45313	-1	-1	-1	-1	7.1161024e-011
289.74609	-1	-1	-1	-1	6.8931675e-011
290.03906	-1	-1	-1	-1	6.655448e-011
290.33203	-1	-1	-1	-1	6.4018208e-011
290.625	-1	-1	-1	-1	6.1310977e-011
290.91797	-1	-1	-1	-1	5.8427064e-011
291.21094	-1	-1	-1	-1	5.5367468e-011
291.50391	-1	-1	-1	-1	-1
291.79688	-1	-1	-1	-1	-1
292.08984	-1	-1	-1	-1	-1
292.38281	-1	-1	-1	-1	-1
292.67578	-1	-1	-1	-1	-1
292.96875	-1	-1	-1	-1	-1
293.26172	-1	-1	-1	-1	-1
293.55469	-1	-1	-1	-1	-1
293.84766	-1	-1	-1	-1	-1
294.14063	-1	-1	-1	-1	-1
294.43359	-1	-1	-1	-1	-1
294.72656	-1	-1	-1	-1	-1
295.01953	-1	-1	-1	-1	-1
295.3125	-1	-1	-1	-1	-1
295.60547	-1	-1	-1	-1	-1
295.89844	-1	-1	-1	-1	-1
296.19141	-1	-1	-1	-1	-1
296.48438	-1	-1	-1	-1	-1
296.77734	-1	-1	-1	-1	-1
297.07031	-1	-1	-1	-1	-1
297.36328	-1	-1	-1	-1	-1
297.65625	-1	-1	-1	-1	-1
297.94922	-1	-1	-1	-1	-1
298.24219	-1	-1	-1	-1	-1
298.53516	-1	-1	-1	-1	-1
298.82813	-1	-1	-1	-1	-1
299.12109	-1	-1	-1	-1	-1
299.41406	-1	-1	-1	-1	-1
299.70703	-1	-1	-1	-1	-1
300	-1	-1	-1	-1	-1
