25.146484	-1	-1	-1	-1
25.390625	-1	-1	-1	-1
25.634766	-1	-1	-1	-1
25.878906	-1	-1	-1	-1
26.123047	-1	-1	-1	-1
26.367188	-1	-1	-1	-1
26.611328	-1	-1	-1	-1
26.855469	-1	-1	-1	-1
27.099609	-1	-1	-1	-1
27.34375	-1	-1	-1	-1
27.587891	-1	-1	-1	-1
27.832031	-1	-1	-1	-1
28.076172	-1	-1	-1	-1
28.320313	-1	-1	-1	-1
28.564453	-1	-1	-1	-1
28.808594	-1	-1	-1	-1
29.052734	-1	-1	-1	-1
29.296875	-1	-1	-1	-1
29.541016	-1	-1	-1	-1
29.785156	-1	-1	-1	-1
30.029297	-1	-1	-1	-1
30.273438	-1	-1	-1	-1
30.517578	-1	-1	-1	-1
30.761719	-1	-1	-1	-1
31.005859	-1	-1	-1	-1
31.25	-1	-1	-1	-1
31.494141	-1	-1	-1	-1
31.738281	-1	-1	-1	-1
31.982422	-1	-1	-1	-1
32.226563	-1	-1	-1	-1
32.470703	-1	-1	-1	-1
32.714844	-1	-1	-1	-1
32.958984	-1	-1	-1	-1
33.203125	-1	-1	-1	-1
33.447266	-1	-1	-1	-1
33.691406	-1	-1	-1	-1
33.935547	4.871703	-1	-1	-1
34.179688	4.8703325	-1	-1	-1
34.423828	4.8689923	-1	-1	-1
34.667969	4.8676814	-1	-1	-1
34.912109	4.866399	-1	-1	-1
35.15625	4.8767641	-1	-1	-1
35.400391	4.8679138	-1	-1	-1
35.644531	4.8658794	-1	-1	-1
35.888672	4.8714059	-1	-1	-1
36.132813	4.8668539	-1	-1	-1
36.376953	4.8623019	-1	-1	-1
36.621094	4.858152	-1	-1	-1
36.865234	4.8570696	-1	-1	-1
37.109375	4.8578022	-1	-1	-1
37.353516	4.8589128	-1	-1	-1
37.597656	4.8600234	-1	-1	-1
37.841797	4.8611341	-1	-1	-1
38.085938	4.8622447	-1	-1	-1
38.330078	4.8613193	-1	-1	-1
38.574219	4.8602428	-1	-1	-1
38.818359	4.8591873	-1	-1	-1
39.0625	4.8581565	-1	-1	-1
39.306641	4.8571424	-1	-1	-1
39.550781	4.8561407	-1	-1	-1
39.794922	4.8551636	-1	-1	-1
40.039063	4.8542049	-1	-1	-1
40.283203	4.8532641	-1	-1	-1
40.527344	4.8523408	-1	-1	-1
40.771484	4.8514345	-1	-1	-1
41.015625	4.850545	-1	-1	-1
41.259766	4.8496715	-1	-1	-1
41.503906	4.848814	-1	-1	-1
41.748047	4.8479718	-1	-1	-1
41.992188	4.8471448	-1	-1	-1
42.236328	4.8463324	-1	-1	-1
42.480469	4.8455345	-1	-1	-1
42.724609	4.8447505	-1	-1	-1
42.96875	4.8439802	-1	-1	-1
43.212891	4.8432233	-1	-1	-1
43.457031	4.8424795	-1	-1	-1
43.701172	4.8417485	-1	-1	-1
43.945313	4.8410299	-1	-1	-1
44.189453	4.8403235	-1	-1	-1
44.433594	4.8396291	-1	-1	-1
44.677734	4.8389462	-1	-1	-1
44.921875	4.8382747	-1	-1	-1
45.166016	4.8376145	-1	-1	-1
45.410156	4.8369651	-1	-1	-1
45.654297	4.8363263	-1	-1	-1
45.898438	4.8356979	-1	-1	-1
46.142578	4.8350797	-1	-1	-1
46.386719	4.8344715	-1	-1	-1
46.630859	4.833873	-1	-1	-1
46.875	4.8332841	-1	-1	-1
47.119141	4.8327045	-1	-1	-1
47.363281	4.8321341	-1	-1	-1
47.607422	4.8315726	-1	-1	-1
47.851563	4.8310198	-1	-1	-1
48.095703	4.8304758	-1	-1	-1
48.339844	4.82994	-1	-1	-1
48.583984	4.8294125	-1	-1	-1
48.828125	4.828893	-1	-1	-1
49.072266	4.8283815	-1	-1	-1
49.316406	4.8278777	-1	-1	-1
49.560547	4.8273815	-1	-1	-1
49.804688	4.8268927	-1	-1	-1
50.048828	4.8264111	-1	-1	-1
50.292969	4.8259367	5.1026587	-1	-1
50.537109	4.8254694	5.0992087	-1	-1
50.78125	4.8250088	5.0958151	-1	-1
51.025391	4.824555	5.0924768	-1	-1
51.269531	4.8241078	5.0891924	-1	-1
51.513672	4.8237658	5.0859609	-1	-1
51.757813	4.8237545	5.0827809	-1	-1
52.001953	4.8237433	5.0796515	-1	-1
52.246094	4.8237321	5.0765716	-1	-1
52.490234	4.8237209	5.07354	-1	-1
52.734375	4.8237097	5.0705557	-1	-1
52.978516	4.8236985	5.0676177	-1	-1
53.222656	4.8236873	5.0666602	-1	-1
53.466797	4.8236761	5.066594	-1	-1
53.710938	4.8236649	5.0665279	-1	-1
53.955078	4.8236537	5.0664617	-1	-1
54.199219	4.8236425	5.0663956	-1	-1
54.443359	4.8236313	5.0659894	-1	-1
54.6875	4.8236201	5.0631912	-1	-1
54.931641	4.8233343	5.0604347	-1	-1
55.175781	4.8229298	5.0577192	-1	-1
55.419922	4.8225307	5.0550437	-1	-1
55.664063	4.8221369	5.0524076	-1	-1
55.908203	4.8217484	5.0498099	-1	-1
56.152344	4.821365	5.04725	-1	-1
56.396484	4.8209867	5.044727	-1	-1
56.640625	4.8206133	5.0422403	-1	-1
56.884766	4.8202449	5.0397892	-1	-1
57.128906	4.8198812	5.037373	-1	-1
57.373047	4.8195223	5.0349909	-1	-1
57.617188	4.8191679	5.0326423	-1	-1
57.861328	4.8188182	5.0303266	-1	-1
58.105469	4.8184728	5.0280432	-1	-1
58.349609	4.818132	5.0271423	-1	-1
58.59375	4.8177954	5.0270847	-1	-1
58.837891	4.817463	5.0270272	-1	-1
59.082031	4.8171349	5.0269696	-1	-1
59.326172	4.8168109	5.026912	-1	-1
59.570313	4.8164908	5.0268544	-1	-1
59.814453	4.8161748	5.0254192	-1	-1
60.058594	4.8158627	5.023256	-1	-1
60.302734	4.8155544	5.0211218	-1	-1
60.546875	4.8152499	5.0190159	-1	-1
60.791016	4.8149491	5.0169381	-1	-1
61.035156	4.814652	5.0148876	-1	-1
61.279297	4.8143585	5.0128641	-1	-1
61.523438	4.8140685	5.010867	-1	-1
61.767578	4.813782	5.0088959	-1	-1
62.011719	4.8134989	5.0069503	-1	-1
62.255859	4.8132192	5.0050298	-1	-1
62.5	4.8129428	5.003134	-1	-1
62.744141	4.8126697	5.0012623	-1	-1
62.988281	4.8123998	4.9994143	-1	-1
63.232422	4.8121331	4.9975898	-1	-1
63.476563	4.8118695	4.9957882	-1	-1
63.720703	4.8116089	4.9940093	-1	-1
63.964844	4.8113514	4.9922525	-1	-1
64.208984	4.8110968	4.9905176	-1	-1
64.453125	4.8108452	4.988804	-1	-1
64.697266	4.8105964	4.9871117	-1	-1
64.941406	4.8103505	4.98544	-1	-1
65.185547	4.8101074	4.9837888	-1	-1
65.429688	4.8098671	4.9821575	-1	-1
65.673828	4.8096294	4.9805461	-1	-1
65.917969	4.8093945	4.978954	-1	-1
66.162109	4.8091621	4.9773811	-1	-1
66.40625	4.8089323	4.9758269	-1	-1
66.650391	4.808705	4.9742912	-1	-1
66.894531	4.8084804	4.9731314	-1	-1
67.138672	4.8082582	4.9730858	-1	-1
67.382813	4.8080384	4.9730402	-1	-1
67.626953	4.807821	4.9729946	-1	-1
67.871094	4.807606	4.972949	-1	-1
68.115234	4.8073934	4.9729034	-1	-1
68.359375	4.8071831	4.9728578	-1	-1
68.603516	4.8069749	4.972074	-1	-1
68.847656	4.8067691	4.970617	-1	-1
69.091797	4.8065655	4.9691767	-1	-1
69.335938	4.8063639	4.967753	-1	-1
69.580078	4.8061646	4.9663453	-1	-1
69.824219	4.8059674	4.9649535	-1	-1
70.068359	4.8057722	4.9635775	-1	-1
70.3125	4.8055792	4.9622168	-1	-1
70.556641	4.8053881	4.9608714	-1	-1
70.800781	4.805199	4.9595409	-1	-1
71.044922	4.8050119	4.9582253	-1	-1
71.289063	4.8048267	4.956924	-1	-1
71.533203	4.8046435	4.9556372	-1	-1
71.777344	4.8044622	4.9543644	-1	-1
72.021484	4.8042826	4.9531054	-1	-1
72.265625	4.804105	4.9518602	-1	-1
72.509766	4.8039291	4.9506285	-1	-1
72.753906	4.8037551	4.9494101	-1	-1
72.998047	4.8035827	4.9482047	-1	-1
73.242188	4.8034122	4.9470122	-1	-1
73.486328	4.8032433	4.9458325	-1	-1
73.730469	4.8030762	4.9446653	-1	-1
73.974609	4.8029106	4.9435104	-1	-1
74.21875	4.8027469	4.9423677	-1	-1
74.462891	4.8025846	4.941237	-1	-1
74.707031	4.802424	4.9401182	-1	-1
74.951172	4.802265	4.939011	-1	-1
75.195313	4.8021075	4.9379153	-1	-1
75.439453	4.8019516	4.9368309	-1	-1
75.683594	4.8017971	4.9357577	-1	-1
75.927734	4.8016443	4.9346956	-1	-1
76.171875	4.8014929	4.9336443	-1	-1
76.416016	4.8013429	4.9326038	-1	-1
76.660156	4.8011944	4.9315737	-1	-1
76.904297	4.8010473	4.9305542	-1	-1
77.148438	4.8009016	4.929545	-1	-1
77.392578	4.8007574	4.9285458	-1	-1
77.636719	4.8006144	4.9275567	-1	-1
77.880859	4.8004729	4.9265775	-1	-1
78.125	4.8003327	4.925608	-1	-1
78.369141	4.8001937	4.9246481	-1	-1
78.613281	4.8000561	4.9236977	-1	-1
78.857422	4.7999198	4.9227567	-1	-1
79.101563	4.7997848	4.9218249	-1	-1
79.345703	4.7996509	4.9209022	-1	-1
79.589844	4.7995184	4.9199884	-1	-1
79.833984	4.7993871	4.9190836	-1	-1
80.078125	4.799257	4.9181875	-1	-1
80.322266	4.799128	4.9173001	-1	-1
80.566406	4.7990004	4.9164211	-1	-1
80.810547	4.7988738	4.9155506	-1	-1
81.054688	4.7987484	4.9146885	-1	-1
81.298828	4.798624	4.9138345	-1	-1
81.542969	4.7985009	4.9129886	-1	-1
81.787109	4.7983789	4.9093156	-1	-1
82.03125	4.798258	4.9069746	-1	-1
82.275391	4.7981381	4.905078	5.1925934	-1
82.519531	4.7980192	4.9096839	5.1898192	-1
82.763672	4.7979015	4.9031391	5.1870738	-1
83.007813	4.7977848	4.9029692	5.184357	-1
83.251953	4.7976692	4.9027657	5.1816683	-1
83.496094	4.7975546	4.9025183	5.1790072	-1
83.740234	4.7974409	4.8996336	5.1763733	-1
83.984375	4.7973283	4.8989014	5.1737664	-1
84.228516	4.7972166	4.8981759	5.171186	-1
84.472656	4.797106	4.897457	5.1686318	-1
84.716797	4.7969963	4.8967446	5.1661033	-1
84.960938	4.7968876	4.8960386	5.1636003	-1
85.205078	4.7967798	4.895339	5.1611223	-1
85.449219	4.7966729	4.8946458	5.1586691	-1
85.693359	4.7965669	4.8939587	5.1562403	-1
85.9375	4.7964618	4.8932777	5.1538355	-1
86.181641	4.7963577	4.8926028	5.1514544	-1
86.425781	4.7962544	4.8919339	5.1490967	-1
86.669922	4.796152	4.8912708	5.1467622	-1
86.914063	4.7960504	4.8906137	5.1444504	-1
87.158203	4.7959498	4.8899624	5.1421611	-1
87.402344	4.79585	4.8893167	5.139894	-1
87.646484	4.795751	4.8886766	5.1376486	-1
87.890625	4.7956529	4.8880422	5.135425	-1
88.134766	4.7955556	4.8874133	5.1332226	-1
88.378906	4.7954591	4.8867897	5.1310413	-1
88.623047	4.7953634	4.8861716	5.1288807	-1
88.867188	4.7952684	4.8855588	5.1267405	-1
89.111328	4.7951743	4.8849512	5.1246206	-1
89.355469	4.795081	4.8843489	5.1225207	-1
89.599609	4.7949884	4.8837517	5.1204404	-1
89.84375	4.7948965	4.8831595	5.1183795	-1
90.087891	4.7948054	4.8825725	5.1163378	-1
90.332031	4.7947151	4.8819902	5.1143151	-1
90.576172	4.7946255	4.8814131	5.1123111	-1
90.820313	4.7945366	4.8808406	5.1103256	-1
91.064453	4.7944484	4.8802731	5.1083583	-1
91.308594	4.794361	4.8797102	5.1076585	-1
91.552734	4.7942742	4.8791521	5.107585	-1
91.796875	4.7941882	4.8785985	5.1075115	-1
92.041016	4.7941028	4.8780496	5.107438	-1
92.285156	4.7940182	4.8775051	5.1073644	-1
92.529297	4.7939342	4.8769653	5.1066451	-1
92.773438	4.7938509	4.8764297	5.1047374	-1
93.017578	4.7937682	4.8718422	5.1028469	-1
93.261719	4.7936862	4.8727457	5.1009732	-1
93.505859	4.7936048	4.8748175	5.0991162	-1
93.75	4.7935241	4.8706102	5.0972757	-1
93.994141	4.7934439	4.8711531	5.0954516	-1
94.238281	4.7933644	4.8728324	5.0936435	-1
94.482422	4.7932856	4.8700736	5.0918512	-1
94.726563	4.793118	4.8677676	5.0900749	-1
94.970703	4.7926183	4.8717714	5.0883139	-1
95.214844	4.7913594	4.8697366	5.0865682	-1
95.458984	4.7916514	4.8663371	5.0848378	-1
95.703125	4.7918992	4.8658753	5.0831222	-1
95.947266	4.7928251	4.8654172	5.0814216	-1
96.191406	4.7915582	4.8649627	5.0797354	-1
96.435547	4.7911606	4.8645118	5.0780639	-1
96.679688	4.7924787	4.8640644	5.0764065	-1
96.923828	4.7922643	4.8636205	5.0747632	-1
97.167969	4.791859	4.86318	5.0731339	-1
97.412109	4.7913922	4.8627429	5.0715183	-1
97.65625	4.7908468	4.8623093	5.0699165	-1
97.900391	4.7913117	4.8618791	5.0683281	-1
98.144531	4.7919797	4.8614522	5.066753	-1
98.388672	4.791753	4.8610285	5.065191	-1
98.632813	4.791055	4.8606081	5.0636421	-1
98.876953	4.7905439	4.8601909	5.0621061	-1
99.121094	4.7910807	4.8597769	5.0608321	-1
99.365234	4.7915119	4.8566441	5.0607685	-1
99.609375	4.7914921	4.856299	5.0607048	-1
99.853516	4.7901812	4.8559932	5.0606412	-1
100.09766	4.7906145	4.856708	5.0605775	-1
100.3418	4.790979	4.8562133	5.0605139	-1
100.58594	4.7912882	4.855665	5.0598156	-1
100.83008	4.7899778	4.855053	5.0583311	-1
101.07422	4.7898546	4.8543644	5.0568587	-1
101.31836	4.7897981	4.8535822	5.0553981	-1
101.5625	4.7897419	4.852684	5.0539494	-1
101.80664	4.7896862	4.8516144	5.0525122	-1
102.05078	4.789631	4.8512553	5.0510866	-1
102.29492	4.7895761	4.8508988	5.0496724	-1
102.53906	4.7895215	4.850545	5.0482695	-1
102.7832	4.7894675	4.8501937	5.0468777	-1
103.02734	4.7894137	4.849845	5.0454969	-1
103.27148	4.7893604	4.8494987	5.044127	-1
103.51563	4.7893074	4.8491551	5.0427678	-1
103.75977	4.7892548	4.848814	5.0414194	-1
104.00391	4.7892026	4.8484753	5.0400815	-1
104.24805	4.7891507	4.8481391	5.0387541	-1
104.49219	4.7890993	4.8478052	5.0374369	-1
104.73633	4.7890481	4.8474738	5.03613	-1
104.98047	4.7889973	4.8471448	5.0348332	-1
105.22461	4.7889469	4.8468181	5.0335465	-1
105.46875	4.7888969	4.8464937	5.0322696	-1
105.71289	4.7888471	4.8461717	5.0310025	-1
105.95703	4.7887978	4.845852	5.0297452	-1
106.20117	4.7887488	4.8455345	5.0284973	-1
106.44531	4.7887	4.8444719	5.027259	-1
106.68945	4.7886517	4.8437339	5.0260302	-1
106.93359	4.7886037	4.8414875	5.0248105	-1
107.17773	4.7885559	4.8430979	5.0236002	-1
107.42188	4.7885086	4.8430162	5.0223988	-1
107.66602	4.7884616	4.8406489	5.0212066	-1
107.91016	4.7884148	4.8423152	5.0200232	-1
108.1543	4.7883685	4.8417591	5.0188488	-1
108.39844	4.7883224	4.8404503	5.0176829	-1
108.64258	4.7882766	4.8417995	5.0165259	-1
108.88672	4.7882311	4.8389975	5.0153773	-1
109.13086	4.7881859	4.8403001	5.0142372	-1
109.375	4.7881411	4.8384116	5.0131056	-1
109.61914	4.7880965	4.8381385	5.0119822	-1
109.86328	4.7880522	4.8378672	5.010867	-1
110.10742	4.7880083	4.8375977	5.0097601	-1
110.35156	4.7879646	4.8373301	5.0086611	-1
110.5957	4.7879212	4.8370642	5.0075701	-1
110.83984	4.7878782	4.8368003	5.0064872	-1
111.08398	4.7878353	4.836538	5.005412	-1
111.32813	4.7877928	4.8362776	5.0043445	-1
111.57227	4.7877505	4.8360188	5.0032847	-1
111.81641	4.7877085	4.8357619	5.0022325	-1
112.06055	4.7876669	4.8355066	5.0011879	-1
112.30469	4.7876254	4.8352531	5.0001507	-1
112.54883	4.7875843	4.8350011	4.9991209	5.2531954
112.79297	4.786668	4.834751	4.9980983	5.2508263
113.03711	4.7872991	4.8345024	4.9970831	5.2484757
113.28125	4.7867398	4.8342556	4.996075	5.2461434
113.52539	4.7874089	4.8340103	4.995074	5.2438291
113.76953	4.78682	4.8337667	4.9940801	5.2415329
114.01367	4.7865487	4.8335246	4.9930931	5.2392543
114.25781	4.7869107	4.8332841	4.9925776	5.2369933
114.50195	4.7861897	4.8330452	4.9925288	5.2347496
114.74609	4.7870154	4.8328079	4.9924799	5.2325231
114.99023	4.786239	4.8325721	4.9924311	5.2303136
115.23438	4.7871384	4.8323378	4.9923822	5.2281209
115.47852	4.7862964	4.8321051	4.9923334	5.2259447
115.72266	4.7868086	4.8318739	4.9922845	5.223785
115.9668	4.7863653	4.8316441	4.9913823	5.2216416
116.21094	4.7865454	4.8314159	4.9904269	5.2195143
116.45508	4.7864512	4.831189	4.9894779	5.217403
116.69922	4.7863443	4.8309637	4.9885355	5.2153074
116.94336	4.7865633	4.8307398	4.9875994	5.2132274
117.1875	4.7861864	4.8305173	4.9866698	5.2111629
117.43164	4.7867184	4.8302963	4.9857464	5.2091137
117.67578	4.7860598	4.8300766	4.9848293	5.2070796
117.91992	4.7866776	4.8298583	4.9839184	5.2050605
118.16406	4.7859565	4.8296415	4.9830136	5.2030562
118.4082	4.7865287	4.8294259	4.9821149	5.2010666
118.65234	4.7858708	4.8292118	4.9812222	5.1990915
118.89648	4.7864026	4.828999	4.9803355	5.1971308
119.14063	4.7857989	4.8287875	4.9794547	5.1951843
119.38477	4.7865328	4.8285773	4.9785798	5.193252
119.62891	4.7864986	4.8283685	4.9777107	5.1913335
119.87305	4.7854563	4.828161	4.9768472	5.189429
120.11719	4.7854266	4.8279547	4.9759896	5.187538
120.36133	4.785397	4.8277498	4.9751376	5.1856607
120.60547	4.7853677	4.8275461	4.9742912	5.1837967
120.84961	4.7853385	4.8273436	4.9734503	5.181946
121.09375	4.7853095	4.8271424	4.972615	5.1801084
121.33789	4.7852807	4.8269425	4.9717851	5.1782839
121.58203	4.7852521	4.8267438	4.9709606	5.1764723
121.82617	4.7852235	4.8265462	4.9701414	5.1746733
122.07031	4.7851953	4.8263499	4.9693277	5.1728871
122.31445	4.7851671	4.8261549	4.968519	5.1711134
122.55859	4.7851392	4.8259609	4.9677157	5.1693521
122.80273	4.7851113	4.8257681	4.9669176	5.1676031
123.04688	4.7850838	4.8255766	4.9661245	5.1658661
123.29102	4.7850563	4.8253863	4.9653366	5.1641413
123.53516	4.785029	4.825197	4.9645536	5.1624283
123.7793	4.7850019	4.8250088	4.9637757	5.1607272
124.02344	4.7849749	4.8248218	4.9630028	5.1590378
124.26758	4.7849481	4.824636	4.9622346	5.15736
124.51172	4.7849214	4.8244513	4.9614715	5.1556937
124.75586	4.7848949	4.8242676	4.9607131	5.1540387
125	4.7848685	4.824085	4.9599595	5.152395
125.24414	4.7848424	4.8239036	4.9592106	5.1507625
125.48828	4.7848163	4.8237233	4.9584665	5.149141
125.73242	4.7843599	4.823544	4.957727	5.1475305
125.97656	4.7840894	4.8233657	4.9569922	5.1459308
126.2207	4.7844587	4.8231885	4.9562619	5.1443419
126.46484	4.7840154	4.8230123	4.9555362	5.1427637
126.70898	4.7845393	4.8228372	4.9548149	5.1411959
126.95313	4.7841349	4.8226631	4.9540982	5.1396386
127.19727	4.7846382	4.8224901	4.9533858	5.1380917
127.44141	4.7846134	4.822318	4.952678	5.1365552
127.68555	4.7845886	4.822147	4.9519744	5.1350287
127.92969	4.7839907	4.8219769	4.9512751	5.1335123
128.17383	4.7843326	4.8218078	4.9505802	5.1320059
128.41797	4.7837672	4.8216397	4.9498894	5.1305094
128.66211	4.7841315	4.8214727	4.949203	5.1290227
128.90625	4.7843237	4.8213065	4.9485206	5.1275457
129.15039	4.783901	4.8211413	4.9478424	5.1270668
129.39453	4.7842916	4.8209771	4.9471684	5.1269906
129.63867	4.7836328	4.8208138	4.9464984	5.1269143
129.88281	4.7840548	4.8206514	4.9458325	5.126838
130.12695	4.7840535	4.8204899	4.9451706	5.1267617
130.37109	4.7837753	4.8203294	4.9445126	5.1260647
130.61523	4.7842355	4.8201699	4.9438586	5.1246206
130.85938	4.7835699	4.8200112	4.9432085	5.1231858
131.10352	4.7839454	4.8198535	4.9425623	5.1217602
131.34766	4.7839524	4.8196966	4.9419199	5.1203436
131.5918	4.7835872	4.8195406	4.9412814	5.1189362
131.83594	4.7841547	4.8193855	4.9406467	5.1175376
132.08008	4.7836206	4.8192312	4.9400157	5.116148
132.32422	4.7837754	4.8190778	4.9393884	5.1147671
132.56836	4.7838981	4.8189253	4.9387649	5.1133951
132.8125	4.7833743	4.8187736	4.938145	5.1120316
133.05664	4.7840247	4.8186228	4.9375288	5.1106768
133.30078	4.7836478	4.8184728	4.9369161	5.1093304
133.54492	4.7834665	4.8183237	4.936307	5.1079926
133.78906	4.7838622	4.8181754	4.9357015	5.106663
134.0332	4.7834506	4.8180279	4.9350996	5.1053417
134.27734	4.7837649	4.8178812	4.9345011	5.1040287
134.52148	4.7836624	4.8177354	4.9339061	5.1027238
134.76563	4.7832923	4.8175903	4.9333145	5.1014269
135.00977	4.7831661	4.8174461	4.9327264	5.1001381
135.25391	4.783148	4.8173027	4.9321416	5.0988572
135.49805	4.7831299	4.81716	4.9315603	5.0975842
135.74219	4.7831121	4.8170181	4.9309822	5.096319
135.98633	4.7830943	4.816877	4.9304075	5.0950616
136.23047	4.7830765	4.8167367	4.9298361	5.0938118
136.47461	4.783059	4.8165971	4.9292679	5.0925696
136.71875	4.7830414	4.8164583	4.9287029	5.091335
136.96289	4.783024	4.8163202	4.9281412	5.0901079
137.20703	4.7830067	4.8161829	4.9275826	5.089522
137.45117	4.7829894	4.8160463	4.9270272	5.0894535
137.69531	4.7829722	4.8159105	4.9264749	5.089385
137.93945	4.7829552	4.8157754	4.9259258	5.0893165
138.18359	4.7829383	4.815641	4.9253797	5.089248
138.42773	4.7829214	4.8155073	4.9248367	5.0891795
138.67188	4.7829046	4.8153744	4.9242968	5.0879894
138.91602	4.7828879	4.8152421	4.9237599	5.0867937
139.16016	4.7828713	4.8151106	4.923226	5.085605
139.4043	4.7828548	4.8149798	4.922695	5.0844234
139.64844	4.7828383	4.8148497	4.922167	5.0832489
139.89258	4.782822	4.8147203	4.921642	5.0820812
140.13672	4.7828057	4.8145915	4.9211198	5.0809205
140.38086	4.7827895	4.8144635	4.9206006	5.0797665
140.625	4.7827734	4.8143361	4.9200842	5.0786194
140.86914	4.7827575	4.8142094	4.9195706	5.077479
141.11328	4.7827415	4.8140833	4.9190599	5.0763453
141.35742	4.7827256	4.8139579	4.918552	5.0752182
141.60156	4.7827099	4.8138332	4.9180468	5.0740977
141.8457	4.7826942	4.8137091	4.9146399	5.0729837
142.08984	4.7826786	4.8135857	4.9134354	5.0718762
142.33398	4.7826631	4.8134629	4.913632	5.070775
142.57813	4.7826477	4.8133407	4.9141676	5.0696803
142.82227	4.7826323	4.8132192	4.914623	5.0685919
143.06641	4.782617	4.8130983	4.9150123	5.0675097
143.31055	4.7826018	4.8129781	4.9136421	5.0664338
143.55469	4.7825866	4.8128585	4.9104004	5.065364
143.79883	4.7825717	4.8127395	4.9099329	5.0643003
144.04297	4.7825567	4.8126211	4.9094681	5.0632427
144.28711	4.7825417	4.8125033	4.9090057	5.062191
144.53125	4.782527	4.8123861	4.9085458	5.0611454
144.77539	4.7825122	4.8122695	4.9080883	5.0601057
145.01953	4.7824975	4.8121535	4.9076332	5.0590719
145.26367	4.7824829	4.8120381	4.9071806	5.0580439
145.50781	4.7824684	4.8119233	4.9067304	5.0570218
145.75195	4.7824539	4.8118091	4.9062826	5.0560053
145.99609	4.7824396	4.8116955	4.9058371	5.0549945
146.24023	4.7824253	4.8115824	4.9053939	5.0539895
146.48438	-1	4.8114699	4.9049532	5.0529901
146.72852	-1	4.811358	4.9045148	5.0519962
146.97266	-1	4.8112466	4.9040786	5.0510078
147.2168	-1	4.8111358	4.9036446	5.0500249
147.46094	-1	4.8110256	4.9032131	5.0490475
147.70508	-1	4.8109159	4.9027837	5.0480755
147.94922	-1	4.8108068	4.9023565	5.0471088
148.19336	-1	4.8106982	4.9019316	5.0461475
148.4375	-1	4.8105901	4.901509	5.0451915
148.68164	-1	4.8104826	4.9010884	5.0442407
148.92578	-1	4.8103757	4.90067	5.0432951
149.16992	-1	4.8102692	4.9002539	5.0423547
149.41406	-1	4.8101633	4.8998399	5.0414194
149.6582	-1	4.8100579	4.8994279	5.0404892
149.90234	-1	4.809953	4.8990181	5.039564
150.14648	-1	4.8098487	4.8986105	5.0386438
150.39063	-1	4.8097449	4.8982048	5.0377288
150.63477	-1	4.8096416	4.8978013	5.0368185
150.87891	-1	4.8095387	4.8973998	5.0359132
151.12305	-1	4.8094364	4.8970003	5.0350128
151.36719	-1	4.8093346	4.8966029	5.0341171
151.61133	-1	4.8092333	4.8962075	5.0332263
151.85547	-1	4.8091325	4.8958141	5.0330116
152.09961	-1	4.8090322	4.8954227	5.0329551
152.34375	-1	4.8089323	4.8950332	5.0328985
152.58789	-1	4.8088329	4.8946458	5.032842
152.83203	-1	4.8087341	4.8942603	5.0327854
153.07617	-1	4.8086357	4.8938766	5.0327289
153.32031	-1	4.8085378	4.893495	5.0321296
153.56445	-1	4.8084403	4.8931152	5.0312575
153.80859	-1	4.8083433	4.8927373	5.0303899
154.05273	-1	4.8082469	4.8923613	5.0295269
154.29688	-1	4.8081509	4.8919871	5.0286685
154.54102	-1	4.8080552	4.8916149	5.0278145
154.78516	-1	4.8079601	4.8912444	5.0269651
155.0293	-1	4.8078654	4.8908759	5.02612
155.27344	-1	4.8077713	4.8905091	5.0252794
155.51758	-1	4.8076775	4.8901442	5.0244431
155.76172	-1	4.8075841	4.889781	5.0236112
156.00586	-1	4.8074912	4.8894196	5.0227836
156.25	-1	4.8073988	4.88906	5.0219603
156.49414	-1	4.8073068	4.8887021	5.0211412
156.73828	-1	4.8072152	4.8883461	5.0203263
156.98242	-1	4.8071241	4.8879916	5.0195158
157.22656	-1	4.8070334	4.887639	5.0187092
157.4707	-1	4.8069431	4.887288	5.0179069
157.71484	-1	4.8068532	4.8869389	5.0171087
157.95898	-1	4.8067638	4.8865913	5.0163144
158.20313	-1	4.8066748	4.8862455	5.0155243
158.44727	-1	4.8065862	4.8859013	5.0147383
158.69141	-1	4.806498	4.8855588	5.0139561
158.93555	-1	4.8064103	4.8852179	5.013178
159.17969	-1	4.8063229	4.8848787	5.0124038
159.42383	-1	4.8062359	4.8845411	5.0116334
159.66797	-1	4.8061493	4.8842051	5.010867
159.91211	-1	4.8060632	4.8838707	5.0101045
160.15625	-1	4.8059775	4.8835379	5.0093458
160.40039	-1	4.8058921	4.8832068	5.0085908
160.64453	-1	4.8058071	4.8828771	5.0078397
160.88867	-1	4.8057226	4.8825491	5.0070923
161.13281	-1	4.8056384	4.8822225	5.0063486
161.37695	-1	4.8055545	4.8791025	5.0056086
161.62109	-1	4.8054711	4.8807754	5.0048724
161.86523	-1	4.8053881	4.8796675	5.0041397
162.10938	-1	4.8053054	4.879195	5.0034107
162.35352	-1	4.8052231	4.8801096	5.0026853
162.59766	-1	4.8051413	4.8776488	5.0019634
162.8418	-1	4.8050597	4.8793944	5.0012452
163.08594	-1	4.8049785	4.8782009	5.0005305
163.33008	-1	4.8048978	4.8773213	4.9998192
163.57422	-1	4.8048173	4.8762858	4.9991114
163.81836	-1	4.8047372	4.8759844	4.9984071
164.0625	-1	4.8046576	4.8756846	4.9977063
164.30664	-1	4.8045782	4.8753861	4.9970089
164.55078	-1	4.8044991	4.8750889	4.9963148
164.79492	-1	4.8044206	4.8747932	4.9956241
165.03906	-1	4.8043423	4.8744988	4.9949368
165.2832	-1	4.8042643	4.8742057	4.9942528
165.52734	-1	4.8041868	4.873914	4.993572
165.77148	-1	4.8041095	4.8736237	4.9928946
166.01563	-1	4.8040326	4.8733346	4.9922205
166.25977	-1	4.8039561	4.873047	4.9915496
166.50391	-1	4.8038799	4.8727606	4.9908819
166.74805	-1	4.8038039	4.8724755	4.9902174
166.99219	-1	4.8037284	4.8721918	4.989556
167.23633	-1	4.8036533	4.8719093	4.9888979
167.48047	-1	4.8035783	4.8716281	4.9882428
167.72461	-1	4.8035038	4.8713481	4.9875909
167.96875	-1	4.8034296	4.8710695	4.986942
168.21289	-1	4.8033557	4.8707921	4.9862963
168.45703	-1	4.8032822	4.8705159	4.9856536
168.70117	-1	4.8032089	4.8702411	4.9850139
168.94531	-1	4.8031359	4.8699674	4.9843772
169.18945	-1	4.8030634	4.869695	4.9837436
169.43359	-1	4.8029911	4.8694237	4.9831129
169.67773	-1	4.8029191	4.8691538	4.9824852
169.92188	-1	4.8028475	4.868885	4.9818604
170.16602	-1	4.8027761	4.8686174	4.9812385
170.41016	-1	4.8027051	4.868351	4.9806196
170.6543	-1	4.8026344	4.8680858	4.9800035
170.89844	-1	4.8025639	4.8678218	4.9793903
171.14258	-1	4.8024939	4.8675589	4.9787799
171.38672	-1	4.802424	4.8672972	4.9781724
171.63086	-1	4.8023545	4.8670367	4.9775677
171.875	-1	4.8022853	4.8667773	4.9769658
172.11914	-1	4.8022164	4.8665191	4.9763666
172.36328	-1	4.8021477	4.8662619	4.9757702
172.60742	-1	4.8020794	4.866006	4.9751766
172.85156	-1	4.8020113	4.8657512	4.9745857
173.0957	-1	4.8019437	4.8654974	4.9739974
173.33984	-1	4.8018762	4.8652448	4.9734119
173.58398	-1	4.801809	4.8649933	4.972829
173.82813	-1	4.8017422	4.863036	4.9722488
174.07227	-1	4.8016755	4.8623724	4.9716713
174.31641	-1	4.8016092	4.8629574	4.9710964
174.56055	-1	4.8015432	4.8635725	4.9705241
174.80469	-1	4.8014774	4.8633083	4.9699544
175.04883	-1	4.801412	4.8622601	4.9693872
175.29297	-1	4.8013467	4.8612758	4.9688226
175.53711	-1	4.8012818	4.8611148	4.9682605
175.78125	-1	4.8012172	4.8617875	4.967701
176.02539	-1	4.8011527	4.8625055	4.967144
176.26953	-1	4.8010887	4.8599807	4.9665896
176.51367	-1	4.8010248	4.8597486	4.9660375
176.75781	-1	4.8009612	4.8595176	4.965488
177.00195	-1	4.8008979	4.8592875	4.9649408
177.24609	-1	4.8008348	4.8590585	4.9643962
177.49023	-1	4.8007721	4.8588304	4.963854
177.73438	-1	4.8007095	4.8586034	4.9633142
177.97852	-1	4.8006473	4.8583772	4.9627767
178.22266	-1	4.8005853	4.858152	4.9622416
178.4668	-1	4.8005235	4.8579278	4.961709
178.71094	-1	4.800462	4.8577045	4.9611787
178.95508	-1	4.8004007	4.8574821	4.9606507
179.19922	-1	4.8003398	4.8572608	4.960125
179.44336	-1	4.800279	4.8570403	4.9596016
179.6875	-1	4.8002186	4.8568208	4.9590806
179.93164	-1	4.8001583	4.8566022	4.9585618
180.17578	-1	4.8000983	4.8563845	4.9580453
180.41992	-1	4.8000386	4.8561678	4.957531
180.66406	-1	4.799979	4.8559519	4.9570191
180.9082	-1	4.7999198	4.8557369	4.9565093
181.15234	-1	4.7998607	4.8555228	4.9560017
181.39648	-1	4.799802	4.8553096	4.9554963
181.64063	-1	4.7997434	4.8550973	4.9549932
181.88477	-1	4.7996852	4.8548859	4.9544922
182.12891	-1	4.7996271	4.8546754	4.9539933
182.37305	-1	4.7995693	4.8544658	4.9534967
182.61719	-1	4.7995117	4.854257	4.9530021
182.86133	-1	4.7994543	4.854049	4.9525097
183.10547	-1	4.7993972	4.853842	4.9520194
183.34961	-1	4.7993402	4.8536358	4.9515312
183.59375	-1	4.7992836	4.8534304	4.9510451
183.83789	-1	4.7992271	4.8532258	4.9505611
184.08203	-1	4.7991709	4.8530221	4.9500792
184.32617	-1	4.7991149	4.8528193	4.9495992
184.57031	-1	4.7990592	4.8526172	4.9491214
184.81445	-1	4.7990036	4.852416	4.9486455
185.05859	-1	4.7989483	4.8522156	4.9481716
185.30273	-1	4.7988932	4.8520161	4.9476999
185.54688	-1	4.7988383	4.8518173	4.9472301
185.79102	-1	4.7987836	4.8516194	4.9467622
186.03516	-1	4.7987291	4.8514222	4.9462964
186.2793	-1	4.798675	4.8512259	4.9458325
186.52344	-1	4.7986208	4.8510303	4.9453705
186.76758	-1	4.7985671	4.8508356	4.9449105
187.01172	-1	4.7985134	4.8506416	4.9444524
187.25586	-1	4.7984601	4.8504484	4.9439963
187.5	-1	4.7984069	4.850256	4.943542
187.74414	-1	4.798354	4.8500644	4.9430896
187.98828	-1	4.7983012	4.8498735	4.9426392
188.23242	-1	4.7982487	4.8496834	4.9421905
188.47656	-1	4.7981963	4.849494	4.9417439
188.7207	-1	4.7981442	4.8493054	4.9412989
188.96484	-1	4.7980922	4.8491176	4.9408559
189.20898	-1	4.7980405	4.8489305	4.9404147
189.45313	-1	4.797989	4.8487442	4.9399753
189.69727	-1	4.7979377	4.8485585	4.9395377
189.94141	-1	4.7978865	4.8483737	4.9391019
190.18555	-1	4.7978356	4.8481895	4.938668
190.42969	-1	4.7977848	4.8480061	4.9382357
190.67383	-1	4.7977343	4.8478234	4.9378053
190.91797	-1	4.797684	4.8476414	4.9373766
191.16211	-1	4.7976338	4.8474602	4.9369497
191.40625	-1	4.7975839	4.8472797	4.9365245
191.65039	-1	4.7975341	4.8470999	4.9361011
191.89453	-1	4.7974845	4.8469208	4.9356794
192.13867	-1	4.7974351	4.8467424	4.9352594
192.38281	-1	4.7973859	4.8465646	4.9348411
192.62695	-1	4.7973369	4.8463876	4.9344245
192.87109	-1	4.7972881	4.8462113	4.9340096
193.11523	-1	4.7972395	4.8460357	4.9335963
193.35938	-1	4.797191	4.8458607	4.9331848
193.60352	-1	4.7971428	4.8456864	4.9327748
193.84766	-1	4.7970947	4.8455128	4.9323666
194.0918	-1	4.7970468	4.8453399	4.93196
194.33594	-1	4.7969991	4.8451676	4.931555
194.58008	-1	4.7969516	4.844996	4.9311516
194.82422	-1	4.7969042	4.8448251	4.9307498
195.06836	-1	4.7968571	4.8446548	4.9303497
195.3125	-1	4.79681	4.8444852	4.9299511
195.55664	-1	4.7967632	4.8443162	4.9295542
195.80078	-1	4.7967165	4.8441479	4.9291587
196.04492	-1	4.7966701	4.8439802	4.928765
196.28906	-1	4.7966238	4.8438132	4.9283727
196.5332	-1	4.7965777	4.8436469	4.927982
196.77734	-1	4.7965317	4.8434811	4.9275928
197.02148	-1	4.796486	4.843316	4.9272052
197.26563	-1	4.7964403	4.8431515	4.9268192
197.50977	-1	4.796395	4.8429876	4.9264345
197.75391	-1	4.7963497	4.8428244	4.9260515
197.99805	-1	4.7963046	4.8426618	4.9256699
198.24219	-1	4.7962597	4.8424997	4.9252899
198.48633	-1	4.7962149	4.8423383	4.9249114
198.73047	-1	4.7961703	4.8421776	4.9245342
198.97461	-1	4.7961259	4.8420174	4.9241587
199.21875	-1	4.7960817	4.8418579	4.9237845
199.46289	-1	4.7960375	4.8416989	4.9234118
199.70703	-1	4.7959936	4.8415406	4.9230406
199.95117	-1	4.7959498	4.8413828	4.9222239
200.19531	-1	4.7959062	4.8412256	4.9201208
200.43945	-1	4.7958627	4.8410689	4.9219355
200.68359	-1	4.7958195	4.8409129	4.92157
200.92773	-1	4.7957763	4.8407576	4.9212059
201.17188	-1	4.7957334	4.8406027	4.9207112
201.41602	-1	4.7956905	4.8404485	4.9190927
201.66016	-1	4.7956479	4.8402948	4.9175793
201.9043	-1	4.7956054	4.8401417	4.9170633
202.14844	-1	4.795563	4.8399891	4.9167132
202.39258	-1	4.7955209	4.8398371	4.9167945
202.63672	-1	4.7954787	4.8396857	4.9182438
202.88086	-1	4.7954369	4.8395349	4.9167027
203.125	-1	4.7953951	4.8393846	4.9153263
203.36914	-1	4.7953536	4.8392348	4.9149829
203.61328	-1	4.7953121	4.8390856	4.9146408
203.85742	-1	4.7952709	4.8389369	4.9142999
204.10156	-1	4.7952297	4.8387888	4.9139605
204.3457	-1	4.7951887	4.8386413	4.9136223
204.58984	-1	4.7951479	4.8384943	4.9132853
204.83398	-1	4.7951071	4.8383479	4.9129496
205.07813	-1	4.7950667	4.8382019	4.9126153
205.32227	-1	4.7950262	4.8380565	4.9122821
205.56641	-1	4.794986	4.8379116	4.9119502
205.81055	-1	4.7949459	4.8377672	4.9116196
206.05469	-1	4.7949059	4.8376235	4.9112901
206.29883	-1	4.7948661	4.8374802	4.9109619
206.54297	-1	4.7948263	4.8373374	4.910635
206.78711	-1	4.7947869	4.8371951	4.9103093
207.03125	-1	4.7947474	4.8370533	4.9099848
207.27539	-1	4.7947344	4.8369121	4.9096614
207.51953	-1	4.7947306	4.8367715	4.9093394
207.76367	-1	4.7947268	4.8366312	4.9090185
208.00781	-1	4.794723	4.8364915	4.9086988
208.25195	-1	4.7947192	4.8363523	4.9083803
208.49609	-1	4.7947154	4.8362136	4.908063
208.74023	-1	4.7947116	4.8360754	4.9077468
208.98438	-1	4.7947078	4.8359377	4.9074318
209.22852	-1	4.794704	4.8358005	4.9071179
209.47266	-1	4.7947002	4.8356637	4.9068053
209.7168	-1	4.7946964	4.8355275	4.9064938
209.96094	-1	4.7946926	4.8353918	4.9061834
210.20508	-1	4.7946888	4.8352565	4.9058741
210.44922	-1	4.794685	4.8351218	4.905566
210.69336	-1	4.7946812	4.8349874	4.9052591
210.9375	-1	4.7946774	4.8348536	4.9049532
211.18164	-1	4.7946736	4.8347203	4.9046484
211.42578	-1	4.7946698	4.8345874	4.9043448
211.66992	-1	4.794666	4.834455	4.9040423
211.91406	-1	4.7946622	4.834323	4.9037409
212.1582	-1	4.7946584	4.8341916	4.9034406
212.40234	-1	4.7946546	4.8340606	4.9031413
212.64648	-1	4.7946508	4.83393	4.9028432
212.89063	-1	4.794647	4.8337999	4.9025461
213.13477	-1	4.7946233	4.8336702	4.9022501
213.37891	-1	4.7945854	4.8335411	4.9019552
213.62305	-1	4.7945477	4.8334124	4.9016613
213.86719	-1	4.7945101	4.8332841	4.9013685
214.11133	-1	4.7944726	4.8331562	4.9010768
214.35547	-1	4.7944353	4.8330289	4.9007861
214.59961	-1	4.7943981	4.832902	4.9004964
214.84375	-1	4.794361	4.8327755	4.9002077
215.08789	-1	4.7943241	4.8326494	4.8999201
215.33203	-1	4.7942872	4.8325238	4.8996336
215.57617	-1	4.7942506	4.8323987	4.8993481
215.82031	-1	4.794214	4.8322739	4.8990636
216.06445	-1	4.7941775	4.8321496	4.8987801
216.30859	-1	4.7941412	4.8320257	4.8984975
216.55273	-1	4.7941049	4.8319023	4.898216
216.79688	-1	4.7940689	-1	4.8979355
217.04102	-1	4.794033	-1	4.8976561
217.28516	-1	4.7939971	-1	4.8973776
217.5293	-1	4.7939614	-1	4.8971
217.77344	-1	4.7939258	-1	4.8968235
218.01758	-1	4.7938904	-1	4.8965478
218.26172	-1	4.793855	-1	4.8962732
218.50586	-1	4.7938197	-1	4.8959996
218.75	-1	4.7937847	-1	4.895727
218.99414	-1	4.7937496	-1	4.8954553
219.23828	-1	4.7937148	-1	4.8951845
219.48242	-1	4.79368	-1	4.8949147
219.72656	-1	4.7936453	-1	4.8946458
219.9707	-1	4.7936109	-1	4.8943778
220.21484	-1	4.7935764	-1	4.8941108
220.45898	-1	4.7935421	-1	4.8938447
220.70313	-1	4.793508	-1	4.8935796
220.94727	-1	4.7934738	-1	4.8933154
221.19141	-1	4.79344	-1	4.8930521
221.43555	-1	-1	-1	4.8927897
221.67969	-1	-1	-1	4.8925282
221.92383	-1	-1	-1	4.8922676
222.16797	-1	-1	-1	4.8920079
222.41211	-1	-1	-1	4.8917491
222.65625	-1	-1	-1	4.8914912
222.90039	-1	-1	-1	4.8912342
223.14453	-1	-1	-1	4.8909781
223.38867	-1	-1	-1	4.8907229
223.63281	-1	-1	-1	4.8904685
223.87695	-1	-1	-1	4.890215
224.12109	-1	-1	-1	4.8899624
224.36523	-1	-1	-1	4.8897106
224.60938	-1	-1	-1	4.8894597
224.85352	-1	-1	-1	4.8892096
225.09766	-1	-1	-1	4.8889604
225.3418	-1	-1	-1	4.888712
225.58594	-1	-1	-1	4.8884645
225.83008	-1	-1	-1	4.8882178
226.07422	-1	-1	-1	4.887972
226.31836	-1	-1	-1	4.887727
226.5625	-1	-1	-1	4.8874828
226.80664	-1	-1	-1	4.8872395
227.05078	-1	-1	-1	4.886997
227.29492	-1	-1	-1	4.8867552
227.53906	-1	-1	-1	4.8865144
227.7832	-1	-1	-1	4.8862743
228.02734	-1	-1	-1	4.886035
228.27148	-1	-1	-1	4.8857965
228.51563	-1	-1	-1	4.8855588
228.75977	-1	-1	-1	4.8853219
229.00391	-1	-1	-1	4.8850858
229.24805	-1	-1	-1	4.8848505
229.49219	-1	-1	-1	4.884616
229.73633	-1	-1	-1	4.8843823
229.98047	-1	-1	-1	4.8841493
230.22461	-1	-1	-1	4.8839171
230.46875	-1	-1	-1	4.8836857
230.71289	-1	-1	-1	4.883455
230.95703	-1	-1	-1	4.8832251
231.20117	-1	-1	-1	4.882996
231.44531	-1	-1	-1	4.8827676
231.68945	-1	-1	-1	4.88254
231.93359	-1	-1	-1	4.8823131
232.17773	-1	-1	-1	4.882087
232.42188	-1	-1	-1	4.8818616
232.66602	-1	-1	-1	4.881637
232.91016	-1	-1	-1	4.8814131
233.1543	-1	-1	-1	4.8811899
233.39844	-1	-1	-1	4.8809675
233.64258	-1	-1	-1	4.8807457
233.88672	-1	-1	-1	4.8805248
234.13086	-1	-1	-1	4.8803045
234.375	-1	-1	-1	4.8800849
234.61914	-1	-1	-1	4.8798661
234.86328	-1	-1	-1	4.879648
235.10742	-1	-1	-1	4.8794306
235.35156	-1	-1	-1	-1
235.5957	-1	-1	-1	-1
235.83984	-1	-1	-1	-1
236.08398	-1	-1	-1	-1
236.32813	-1	-1	-1	-1
236.57227	-1	-1	-1	-1
236.81641	-1	-1	-1	-1
237.06055	-1	-1	-1	-1
237.30469	-1	-1	-1	-1
237.54883	-1	-1	-1	-1
237.79297	-1	-1	-1	-1
238.03711	-1	-1	-1	-1
238.28125	-1	-1	-1	-1
238.52539	-1	-1	-1	-1
238.76953	-1	-1	-1	-1
239.01367	-1	-1	-1	-1
239.25781	-1	-1	-1	-1
239.50195	-1	-1	-1	-1
239.74609	-1	-1	-1	-1
239.99023	-1	-1	-1	-1
240.23438	-1	-1	-1	-1
240.47852	-1	-1	-1	-1
240.72266	-1	-1	-1	-1
240.9668	-1	-1	-1	-1
241.21094	-1	-1	-1	-1
241.45508	-1	-1	-1	-1
241.69922	-1	-1	-1	-1
241.94336	-1	-1	-1	-1
242.1875	-1	-1	-1	-1
242.43164	-1	-1	-1	-1
242.67578	-1	-1	-1	-1
242.91992	-1	-1	-1	-1
243.16406	-1	-1	-1	-1
243.4082	-1	-1	-1	-1
243.65234	-1	-1	-1	-1
243.89648	-1	-1	-1	-1
244.14063	-1	-1	-1	-1
244.38477	-1	-1	-1	-1
244.62891	-1	-1	-1	-1
244.87305	-1	-1	-1	-1
245.11719	-1	-1	-1	-1
245.36133	-1	-1	-1	-1
245.60547	-1	-1	-1	-1
245.84961	-1	-1	-1	-1
246.09375	-1	-1	-1	-1
246.33789	-1	-1	-1	-1
246.58203	-1	-1	-1	-1
246.82617	-1	-1	-1	-1
247.07031	-1	-1	-1	-1
247.31445	-1	-1	-1	-1
247.55859	-1	-1	-1	-1
247.80273	-1	-1	-1	-1
248.04688	-1	-1	-1	-1
248.29102	-1	-1	-1	-1
248.53516	-1	-1	-1	-1
248.7793	-1	-1	-1	-1
249.02344	-1	-1	-1	-1
249.26758	-1	-1	-1	-1
249.51172	-1	-1	-1	-1
249.75586	-1	-1	-1	-1
250	-1	-1	-1	-1
