3.636467573765184e-08
3.646686721013525e-08
3.625131825691212e-08
3.6358236521320274e-08
3.6419758379113266e-08
3.648606128674174e-08
3.630836414320304e-08
3.629802174804377e-08
3.6325932224481805e-08
3.644480766773779e-08
3.640085011910139e-08
3.6366411112158225e-08
3.643975871890738e-08
3.6426811072994264e-08
3.630350965129082e-08
3.646314774993404e-08
3.651486988437238e-08
3.6484980935138395e-08
3.633019192416919e-08
3.6425041486263344e-08
3.635655489933891e-08
3.636729236378701e-08
3.6392423838498956e-08
3.654256597961011e-08
3.637528374964326e-08
3.635222022208669e-08
3.637964674159214e-08
3.654186119075506e-08
3.636943366737625e-08
3.653889882861336e-08
