37 40 50 300 
36 40 50 300 
36 39 50 300 
35 40 50 300 
35 39 50 300 
35 38 50 300 
34 40 50 300 
34 39 50 300 
34 38 50 300 
34 37 50 300 
33 40 50 300 
33 39 50 300 
33 38 50 300 
33 37 50 300 
33 36 50 300 
32 40 50 300 
32 39 50 300 
32 38 50 300 
32 37 50 300 
32 36 50 300 
32 35 50 300 
31 40 50 300 
31 39 50 300 
31 38 50 300 
31 37 50 300 
31 36 50 300 
31 35 50 300 
31 34 50 300 
30 40 50 300 
30 39 50 300 
30 38 50 300 
30 37 50 300 
30 36 50 300 
30 35 50 300 
30 34 50 300 
30 33 50 300 
29 40 50 300 
29 39 50 300 
29 38 50 300 
29 37 50 300 
29 36 50 300 
29 35 50 300 
29 34 50 300 
29 33 50 300 
29 32 50 300 
28 40 50 300 
28 39 50 300 
28 38 50 300 
28 37 50 300 
28 36 50 300 
28 35 50 300 
28 34 50 300 
28 33 50 300 
28 32 50 300 
28 31 50 300 
27 40 50 300 
27 39 50 300 
27 38 50 300 
27 37 50 300 
27 36 50 300 
27 35 50 300 
27 34 50 300 
27 33 50 300 
27 32 50 300 
27 31 50 300 
27 30 50 300 
26 40 50 300 
26 39 50 300 
26 38 50 300 
26 37 50 300 
26 36 50 300 
26 35 50 300 
26 34 50 300 
26 33 50 300 
26 32 50 300 
26 31 50 300 
26 30 50 300 
26 29 50 300 
25 40 50 300 
25 39 50 300 
25 38 50 300 
25 37 50 300 
25 36 50 300 
25 35 50 300 
25 34 50 300 
25 33 50 300 
25 32 50 300 
25 31 50 300 
25 30 50 300 
25 29 50 300 
25 28 50 300 
24 40 50 300 
24 39 50 300 
24 38 50 300 
24 37 50 300 
24 36 50 300 
24 35 50 300 
24 34 50 300 
24 33 50 300 
24 32 50 300 
24 31 50 300 
24 30 50 300 
24 29 50 300 
24 28 50 300 
24 27 50 300 
23 40 50 300 
23 39 50 300 
23 38 50 300 
23 37 50 300 
23 36 50 300 
23 35 50 300 
23 34 50 300 
23 33 50 300 
23 32 50 300 
23 31 50 300 
23 30 50 300 
23 29 50 300 
23 28 50 300 
23 27 50 300 
23 26 50 300 
22 40 50 300 
22 39 50 300 
22 38 50 300 
22 37 50 300 
22 36 50 300 
22 35 50 300 
22 34 50 300 
22 33 50 300 
22 32 50 300 
22 31 50 300 
22 30 50 300 
22 29 50 300 
22 28 50 300 
22 27 50 300 
22 26 50 300 
22 25 50 300 
21 40 50 300 
21 39 50 300 
21 38 50 300 
21 37 50 300 
21 36 50 300 
21 35 50 300 
21 34 50 300 
21 33 50 300 
21 32 50 300 
21 31 50 300 
21 30 50 300 
21 29 50 300 
21 28 50 300 
21 27 50 300 
21 26 50 300 
21 25 50 300 
21 24 50 300 
20 40 50 300 
20 39 50 300 
20 38 50 300 
20 37 50 300 
20 36 50 300 
20 35 50 300 
20 34 50 300 
20 33 50 300 
20 32 50 300 
20 31 50 300 
20 30 50 300 
20 29 50 300 
20 28 50 300 
20 27 50 300 
20 26 50 300 
20 25 50 300 
20 24 50 300 
20 23 50 300 
19 40 50 300 
19 39 50 300 
19 38 50 300 
19 37 50 300 
19 36 50 300 
19 35 50 300 
19 34 50 300 
19 33 50 300 
19 32 50 300 
19 31 50 300 
19 30 50 300 
19 29 50 300 
19 28 50 300 
19 27 50 300 
19 26 50 300 
19 25 50 300 
19 24 50 300 
19 23 50 300 
19 22 50 300 
18 40 50 300 
18 39 50 300 
18 38 50 300 
18 37 50 300 
18 36 50 300 
18 35 50 300 
18 34 50 300 
18 33 50 300 
18 32 50 300 
18 31 50 300 
18 30 50 300 
18 29 50 300 
18 28 50 300 
18 27 50 300 
18 26 50 300 
18 25 50 300 
18 24 50 300 
18 23 50 300 
18 22 50 300 
18 21 50 300 
17 40 50 300 
17 39 50 300 
17 38 50 300 
17 37 50 300 
17 36 50 300 
17 35 50 300 
17 34 50 300 
17 33 50 300 
17 32 50 300 
17 31 50 300 
17 30 50 300 
17 29 50 300 
17 28 50 300 
17 27 50 300 
17 26 50 300 
17 25 50 300 
17 24 50 300 
17 23 50 300 
17 22 50 300 
17 21 50 300 
17 20 50 300 
16 40 50 300 
16 39 50 300 
16 38 50 300 
16 37 50 300 
16 36 50 300 
16 35 50 300 
16 34 50 300 
16 33 50 300 
16 32 50 300 
16 31 50 300 
16 30 50 300 
16 29 50 300 
16 28 50 300 
16 27 50 300 
16 26 50 300 
16 25 50 300 
16 24 50 300 
16 23 50 300 
16 22 50 300 
16 21 50 300 
16 20 50 300 
16 19 50 300 
15 40 50 300 
15 39 50 300 
15 38 50 300 
15 37 50 300 
15 36 50 300 
15 35 50 300 
15 34 50 300 
15 33 50 300 
15 32 50 300 
15 31 50 300 
15 30 50 300 
15 29 50 300 
15 28 50 300 
15 27 50 300 
15 26 50 300 
15 25 50 300 
15 24 50 300 
15 23 50 300 
15 22 50 300 
15 21 50 300 
15 20 50 300 
15 19 50 300 
15 18 50 300 
14 40 50 300 
14 39 50 300 
14 38 50 300 
14 37 50 300 
14 36 50 300 
14 35 50 300 
14 34 50 300 
14 33 50 300 
14 32 50 300 
14 31 50 300 
14 30 50 300 
14 29 50 300 
14 28 50 300 
14 27 50 300 
14 26 50 300 
14 25 50 300 
14 24 50 300 
14 23 50 300 
14 22 50 300 
14 21 50 300 
14 20 50 300 
14 19 50 300 
14 18 50 300 
14 17 50 300 
13 40 50 300 
13 39 50 300 
13 38 50 300 
13 37 50 300 
13 36 50 300 
13 35 50 300 
13 34 50 300 
13 33 50 300 
13 32 50 300 
13 31 50 300 
13 30 50 300 
13 29 50 300 
13 28 50 300 
13 27 50 300 
13 26 50 300 
13 25 50 300 
13 24 50 300 
13 23 50 300 
13 22 50 300 
13 21 50 300 
13 20 50 300 
13 19 50 300 
13 18 50 300 
13 17 50 300 
13 16 50 300 
12 40 50 300 
12 39 50 300 
12 38 50 300 
12 37 50 300 
12 36 50 300 
12 35 50 300 
12 34 50 300 
12 33 50 300 
12 32 50 300 
12 31 50 300 
12 30 50 300 
12 29 50 300 
12 28 50 300 
12 27 50 300 
12 26 50 300 
12 25 50 300 
12 24 50 300 
12 23 50 300 
12 22 50 300 
12 21 50 300 
12 20 50 300 
12 19 50 300 
12 18 50 300 
12 17 50 300 
12 16 50 300 
12 15 50 300 
11 40 50 300 
11 39 50 300 
11 38 50 300 
11 37 50 300 
11 36 50 300 
11 35 50 300 
11 34 50 300 
11 33 50 300 
11 32 50 300 
11 31 50 300 
11 30 50 300 
11 29 50 300 
11 28 50 300 
11 27 50 300 
11 26 50 300 
11 25 50 300 
11 24 50 300 
11 23 50 300 
11 22 50 300 
11 21 50 300 
11 20 50 300 
11 19 50 300 
11 18 50 300 
11 17 50 300 
11 16 50 300 
11 15 50 300 
11 14 50 300 
10 40 50 300 
10 39 50 300 
10 38 50 300 
10 37 50 300 
10 36 50 300 
10 35 50 300 
10 34 50 300 
10 33 50 300 
10 32 50 300 
10 31 50 300 
10 30 50 300 
10 29 50 300 
10 28 50 300 
10 27 50 300 
10 26 50 300 
10 25 50 300 
10 24 50 300 
10 23 50 300 
10 22 50 300 
10 21 50 300 
10 20 50 300 
10 19 50 300 
10 18 50 300 
10 17 50 300 
10 16 50 300 
10 15 50 300 
10 14 50 300 
10 13 50 300 
9 40 50 300 
9 39 50 300 
9 38 50 300 
9 37 50 300 
9 36 50 300 
9 35 50 300 
9 34 50 300 
9 33 50 300 
9 32 50 300 
9 31 50 300 
9 30 50 300 
9 29 50 300 
9 28 50 300 
9 27 50 300 
9 26 50 300 
9 25 50 300 
9 24 50 300 
9 23 50 300 
9 22 50 300 
9 21 50 300 
9 20 50 300 
9 19 50 300 
9 18 50 300 
9 17 50 300 
9 16 50 300 
9 15 50 300 
9 14 50 300 
9 13 50 300 
9 12 50 300 
8 40 50 300 
8 39 50 300 
8 38 50 300 
8 37 50 300 
8 36 50 300 
8 35 50 300 
8 34 50 300 
8 33 50 300 
8 32 50 300 
8 31 50 300 
8 30 50 300 
8 29 50 300 
8 28 50 300 
8 27 50 300 
8 26 50 300 
8 25 50 300 
8 24 50 300 
8 23 50 300 
8 22 50 300 
8 21 50 300 
8 20 50 300 
8 19 50 300 
8 18 50 300 
8 17 50 300 
8 16 50 300 
8 15 50 300 
8 14 50 300 
8 13 50 300 
8 12 50 300 
8 11 50 300 
7 40 50 300 
7 39 50 300 
7 38 50 300 
7 37 50 300 
7 36 50 300 
7 35 50 300 
7 34 50 300 
7 33 50 300 
7 32 50 300 
7 31 50 300 
7 30 50 300 
7 29 50 300 
7 28 50 300 
7 27 50 300 
7 26 50 300 
7 25 50 300 
7 24 50 300 
7 23 50 300 
7 22 50 300 
7 21 50 300 
7 20 50 300 
7 19 50 300 
7 18 50 300 
7 17 50 300 
7 16 50 300 
7 15 50 300 
7 14 50 300 
7 13 50 300 
7 12 50 300 
7 11 50 300 
7 10 50 300 
6 40 50 300 
6 39 50 300 
6 38 50 300 
6 37 50 300 
6 36 50 300 
6 35 50 300 
6 34 50 300 
6 33 50 300 
6 32 50 300 
6 31 50 300 
6 30 50 300 
6 29 50 300 
6 28 50 300 
6 27 50 300 
6 26 50 300 
6 25 50 300 
6 24 50 300 
6 23 50 300 
6 22 50 300 
6 21 50 300 
6 20 50 300 
6 19 50 300 
6 18 50 300 
6 17 50 300 
6 16 50 300 
6 15 50 300 
6 14 50 300 
6 13 50 300 
6 12 50 300 
6 11 50 300 
6 10 50 300 
6 9 50 300 
5 40 50 300 
5 39 50 300 
5 38 50 300 
5 37 50 300 
5 36 50 300 
5 35 50 300 
5 34 50 300 
5 33 50 300 
5 32 50 300 
5 31 50 300 
5 30 50 300 
5 29 50 300 
5 28 50 300 
5 27 50 300 
5 26 50 300 
5 25 50 300 
5 24 50 300 
5 23 50 300 
5 22 50 300 
5 21 50 300 
5 20 50 300 
5 19 50 300 
5 18 50 300 
5 17 50 300 
5 16 50 300 
5 15 50 300 
5 14 50 300 
5 13 50 300 
5 12 50 300 
5 11 50 300 
5 10 50 300 
5 9 50 300 
5 8 50 300 
4 40 50 300 
4 39 50 300 
4 38 50 300 
4 37 50 300 
4 36 50 300 
4 35 50 300 
4 34 50 300 
4 33 50 300 
4 32 50 300 
4 31 50 300 
4 30 50 300 
4 29 50 300 
4 28 50 300 
4 27 50 300 
4 26 50 300 
4 25 50 300 
4 24 50 300 
4 23 50 300 
4 22 50 300 
4 21 50 300 
4 20 50 300 
4 19 50 300 
4 18 50 300 
4 17 50 300 
4 16 50 300 
4 15 50 300 
4 14 50 300 
4 13 50 300 
4 12 50 300 
4 11 50 300 
4 10 50 300 
4 9 50 300 
4 8 50 300 
4 7 50 300 
3 40 50 300 
3 39 50 300 
3 38 50 300 
3 37 50 300 
3 36 50 300 
3 35 50 300 
3 34 50 300 
3 33 50 300 
3 32 50 300 
3 31 50 300 
3 30 50 300 
3 29 50 300 
3 28 50 300 
3 27 50 300 
3 26 50 300 
3 25 50 300 
3 24 50 300 
3 23 50 300 
3 22 50 300 
3 21 50 300 
3 20 50 300 
3 19 50 300 
3 18 50 300 
3 17 50 300 
3 16 50 300 
3 15 50 300 
3 14 50 300 
3 13 50 300 
3 12 50 300 
3 11 50 300 
3 10 50 300 
3 9 50 300 
3 8 50 300 
3 7 50 300 
3 6 50 300 
2 40 50 300 
2 39 50 300 
2 38 50 300 
2 37 50 300 
2 36 50 300 
2 35 50 300 
2 34 50 300 
2 33 50 300 
2 32 50 300 
2 31 50 300 
2 30 50 300 
2 29 50 300 
2 28 50 300 
2 27 50 300 
2 26 50 300 
2 25 50 300 
2 24 50 300 
2 23 50 300 
2 22 50 300 
2 21 50 300 
2 20 50 300 
2 19 50 300 
2 18 50 300 
2 17 50 300 
2 16 50 300 
2 15 50 300 
2 14 50 300 
2 13 50 300 
2 12 50 300 
2 11 50 300 
2 10 50 300 
2 9 50 300 
2 8 50 300 
2 7 50 300 
2 6 50 300 
2 5 50 300 
