380	0.048411363786 0.069909404599 0.052083448555 0.004558765641 -0.045490139720 -0.068466593688 -0.004593002985 -0.009014098614 
378	0.048719501842 0.070101314833 0.051678058504 0.003506016730 -0.046597942976 -0.068670890902 -0.004620949010 -0.008816990588 
376	0.049027217528 0.070271014403 0.051225733655 0.002431812014 -0.047622239598 -0.068655443838 -0.004682169004 -0.008685095328 
374	0.049338748111 0.070442633669 0.050766615255 0.001341349716 -0.048663111509 -0.068630609961 -0.004797112603 -0.008646459927 
372	0.049654161809 0.070616212876 0.050300587002 0.000234331789 -0.049720855082 -0.068592794182 -0.004972995546 -0.008700464272 
370	0.049973528401 0.070791793394 0.049827530227 -0.000889546113 -0.050795769250 -0.068536980625 -0.005221257160 -0.008850981796 
368	0.050296919324 0.070969417766 0.049347323831 -0.002030594742 -0.051888154978 -0.068455989160 -0.005559398274 -0.009106900405 
366	0.050624407725 0.071149129732 0.048859844245 -0.003189131413 -0.052998314636 -0.068339206434 -0.006014181813 -0.009483261953 
364	0.050956068438 0.071330974278 0.048364965359 -0.004365480090 -0.054126551245 -0.068170292050 -0.006627376029 -0.010003274822 
362	0.051291978092 0.071514997684 0.047862558478 -0.005559971524 -0.055273167565 -0.067922721877 -0.007466571105 -0.010701672749 
360	0.051632215148 0.071701247562 0.047352492254 -0.006772943393 -0.056438465028 -0.067550277445 -0.008646879253 -0.011630268130 
358	0.051967501232 0.071837644462 0.046756859416 -0.007985194957 -0.057365321016 -0.066529588824 -0.010307749511 -0.012777362342 
356	0.052307145967 0.071975590588 0.046151963510 -0.009216855512 -0.058308483762 -0.065106397520 -0.012898646719 -0.014329949022 
354	0.052651231366 0.072115123297 0.045537636826 -0.010468299320 -0.059268228660 -0.062726303860 -0.017281829276 -0.016463138638 
352	0.052999841417 0.072256281138 0.044913708034 -0.011739908690 -0.060244826147 -0.056511637750 -0.025343947281 -0.019449459820 
350	0.053353062193 0.072399103892 0.044280002107 -0.013032074108 -0.061238539576 -0.050041307980 -0.038784479436 -0.023685890252 
348	0.053710981908 0.072543632619 0.043636340217 -0.014345194366 -0.062249622657 -0.032600765952 -0.048048078100 -0.029589365370 
346	0.054073690963 0.072689909708 0.042982539658 -0.015679676698 -0.063278316330 -0.019135904052 -0.047538292464 -0.036947999932 
344	0.054441282081 0.072837978930 0.042318413738 -0.017035936874 -0.064324844963 -0.013504526037 -0.041017670817 -0.043736346285 
342	0.054809222929 0.072963117377 0.041611597909 -0.018390105851 -0.065250978313 -0.010703602905 -0.032117776847 -0.047182606452 
340	0.055175955963 0.073056470039 0.040850169223 -0.019734359177 -0.066007952765 -0.008814504109 -0.024910808232 -0.046737774887 
338	0.055547703380 0.073150836650 0.040076399737 -0.021101475103 -0.066779373465 -0.007480688716 -0.019999575341 -0.043249602564 
336	0.055924564778 0.073246248913 0.039290053322 -0.022491916203 -0.067565352102 -0.006527422711 -0.016630823035 -0.037859242247 
334	0.056306642246 0.073342739754 0.038490888459 -0.023906154862 -0.068365958010 -0.005831079758 -0.014239254220 -0.032090446462 
332	0.056694040575 0.073440343365 0.037678658133 -0.025344673353 -0.069181206749 -0.005312944186 -0.012497478572 -0.027041784947 
330	0.057086867333 0.073539095264 0.036853109706 -0.026807963905 -0.070011045582 -0.004923536465 -0.011205912719 -0.023042959473 
328	0.057485232844 0.073639032351 0.036013984757 -0.028296528742 -0.070855334844 -0.004631065369 -0.010236494839 -0.019987640664 
326	0.057881345582 0.073699631206 0.035116564749 -0.029747127628 -0.071468266768 -0.004395644525 -0.009463281454 -0.017589471632 
324	0.058278555045 0.073737456306 0.034178440049 -0.031186945585 -0.071950873767 -0.004213460238 -0.008854938308 -0.015723531155 
322	0.058681460288 0.073775517260 0.033224440218 -0.032652803219 -0.072442134015 -0.004085847547 -0.008396992327 -0.014297078845 
320	0.059090180277 0.073813834915 0.032254245409 -0.034145249303 -0.072941360147 -0.004006301776 -0.008062054731 -0.013205596350 
318	0.059504837260 0.073852431248 0.031267528168 -0.035664843438 -0.073447595489 -0.003971054671 -0.007831726587 -0.012375093168 
316	0.059925556866 0.073891329431 0.030263953267 -0.037212155924 -0.073959522683 -0.003978623774 -0.007694174130 -0.011753618145 
314	0.060352468147 0.073930553884 0.029243177496 -0.038787767583 -0.074475334575 -0.004029651314 -0.007642687316 -0.011305049551 
312	0.060778321696 0.073933933922 0.028173005291 -0.040314461295 -0.074763853152 -0.004112425181 -0.007647089267 -0.010963242492 
310	0.061203699077 0.073903599497 0.027054625090 -0.041798164619 -0.074837224573 -0.004232268227 -0.007710395213 -0.010717586619 
308	0.061635450311 0.073872450238 0.025916478442 -0.043310448413 -0.074899616516 -0.004410064038 -0.007862572296 -0.010596214715 
306	0.062073715076 0.073840489586 0.024758147651 -0.044851933523 -0.074944888766 -0.004657991963 -0.008113028668 -0.010594430110 
304	0.062518637065 0.073807721864 0.023579204721 -0.046423250810 -0.074964094842 -0.004994691395 -0.008477280474 -0.010713303999 
302	0.062970364103 0.073774152337 0.022379211106 -0.048025040425 -0.074943797781 -0.005448965682 -0.008979176596 -0.010959860948 
300	0.063429048301 0.073739787272 0.021157717450 -0.049657950904 -0.074863001084 -0.006066617487 -0.009654668060 -0.011347923439 
298	0.063878765840 0.073629499167 0.019865288610 -0.051119535283 -0.074215317479 -0.006877040586 -0.010484912275 -0.011813529278 
296	0.064335494312 0.073517060562 0.018549017595 -0.052611203772 -0.073413271039 -0.008045868467 -0.011611060298 -0.012465637568 
294	0.064799394229 0.073402449868 0.017208377989 -0.054133619970 -0.072343349751 -0.009820678651 -0.013158577917 -0.013349046305 
292	0.065270630923 0.073285645907 0.015842829999 -0.055687453023 -0.070745376645 -0.012732423732 -0.015333651905 -0.014529741870 
290	0.065749374704 0.073166627960 0.014451820130 -0.057273375576 -0.067838573292 -0.018073829240 -0.018483436028 -0.016105001305 
288	0.066235801040 0.073045375834 0.013034780856 -0.058892061191 -0.059160926612 -0.029047537518 -0.023180068241 -0.018218120463 
286	0.066712000798 0.072841640387 0.011558439079 -0.060284529222 -0.044499118951 -0.045485473170 -0.029964802951 -0.020923023114 
284	0.067195942844 0.072634093059 0.010053601207 -0.061707823523 -0.024320178457 -0.048915914850 -0.038828227151 -0.024591272916 
282	0.067687812813 0.072422678767 0.008519610208 -0.063162600527 -0.015621219439 -0.040490426760 -0.046329098059 -0.029464918492 
280	0.068187802192 0.072207342142 0.006955791959 -0.064649506985 -0.011384661344 -0.030400886260 -0.048224522014 -0.035453848265 
278	0.068696108493 0.071988027571 0.005361454870 -0.066169173857 -0.008925007944 -0.023116699044 -0.044619728517 -0.041519316631 
276	0.069203642423 0.071725738969 0.003730300626 -0.067576283998 -0.007351919558 -0.018274143462 -0.037986610257 -0.045550380729 
274	0.069708807579 0.071412690258 0.002059884595 -0.068844001716 -0.006270775514 -0.014994859455 -0.031114889422 -0.046140428462 
272	0.070222561654 0.071093764020 0.000355653554 -0.070141980081 -0.005508241029 -0.012737840178 -0.025536309444 -0.043593150389 
270	0.070745120928 0.070768860617 -0.001383205684 -0.071470721061 -0.004953585714 -0.011133333403 -0.021370520534 -0.038988298488 
268	0.071276708800 0.070437879118 -0.003157527659 -0.072830664615 -0.004542812125 -0.009963744314 -0.018322702014 -0.033726739825 
266	0.071810101707 0.070071323860 -0.004964096371 -0.074098101165 -0.004227235577 -0.009076384293 -0.016046880338 -0.028808172744 
264	0.072337814090 0.069638453965 -0.006800245159 -0.075145792892 -0.003974586791 -0.008373938283 -0.014289461705 -0.024643218104 
262	0.072874859287 0.069197291713 -0.008675319436 -0.076220325823 -0.003787969328 -0.007845890397 -0.012970026212 -0.021398135564 
260	0.073421482862 0.068747681109 -0.010590291509 -0.077321715494 -0.003655824854 -0.007454907254 -0.011975766598 -0.018917277142 
258	0.073977938849 0.068289463444 -0.012546159231 -0.078449764696 -0.003570603551 -0.007176064274 -0.011230602029 -0.017031661275 
256	0.074530323160 0.067770137691 -0.014520856990 -0.079360734580 -0.003514040165 -0.006965244976 -0.010639129498 -0.015535749630 
254	0.075082085407 0.067201016014 -0.016521544004 -0.080110055210 -0.003487463526 -0.006820336190 -0.010181663389 -0.014354949949 
252	0.075644023795 0.066620699229 -0.018566745475 -0.080877762346 -0.003500380057 -0.006755834054 -0.009867075521 -0.013464725607 
250	0.076216418820 0.066028959742 -0.020657613418 -0.081662081209 -0.003553889618 -0.006769091382 -0.009678865383 -0.012809415310 
248	0.076795811937 0.065412676167 -0.022785326755 -0.082395415189 -0.003647806531 -0.006854767013 -0.009598087482 -0.012337684783 
246	0.077362523904 0.064702691600 -0.024898556688 -0.082729595689 -0.003768990633 -0.006982417720 -0.009570915632 -0.011958297609 
244	0.077940065170 0.063978328274 -0.027061072000 -0.083062694509 -0.003946539989 -0.007200952489 -0.009657230075 -0.011734788106 
242	0.078528746644 0.063239274747 -0.029274190005 -0.083387083863 -0.004193331964 -0.007524646794 -0.009863126747 -0.011657077386 
240	0.079128890892 0.062485212570 -0.031539260453 -0.083691256643 -0.004529140466 -0.007975597188 -0.010201166445 -0.011722333455 
238	0.079710792600 0.061620046898 -0.033749290698 -0.083448768326 -0.004951180356 -0.008527973389 -0.010615225037 -0.011844593495 
236	0.080304241407 0.060736809425 -0.036013490485 -0.083137235292 -0.005535179407 -0.009281688032 -0.011204114236 -0.012119283647 
234	0.080909583387 0.059835086784 -0.038333349602 -0.082712042976 -0.006361871232 -0.010311918767 -0.012010962335 -0.012563952099 
232	0.081522984652 0.058902204453 -0.040691433888 -0.082024712703 -0.007572768434 -0.011730233514 -0.013088379781 -0.013193806683 
230	0.082120332876 0.057865863322 -0.042979586777 -0.080528181532 -0.009415621151 -0.013667810105 -0.014452682345 -0.013968890477 
228	0.082730022274 0.056807160623 -0.045326841200 -0.078313521678 -0.012602066145 -0.016539677834 -0.016320203767 -0.015026360817 
226	0.083352439861 0.055725559138 -0.047734857309 -0.074232728931 -0.018992255552 -0.020995381644 -0.018911630631 -0.016448155620 
224	0.083970259714 0.054573292196 -0.050110895995 -0.060709580476 -0.033683605178 -0.028045676970 -0.022483277663 -0.018283976675 
222	0.084583342677 0.053347781766 -0.052455190778 -0.037171008175 -0.050144095023 -0.038363160164 -0.027437293584 -0.020672443689 
220	0.085209651908 0.052094917686 -0.054863453694 -0.019866195517 -0.043597063592 -0.047798136139 -0.034137401203 -0.023884118362 
218	0.085846147330 0.050805687750 -0.057316382281 -0.012886765652 -0.031364966854 -0.048549472520 -0.041722562426 -0.028125900468 
216	0.086461556912 0.049402943708 -0.059624286270 -0.009431457659 -0.022712279219 -0.041660932517 -0.046881961493 -0.033245138234 
214	0.087090716557 0.047967869984 -0.061998855610 -0.007462133499 -0.017430584335 -0.033251733685 -0.047079176026 -0.038850244461 
212	0.087734097554 0.046499620279 -0.064441977554 -0.006218597227 -0.014107188192 -0.026449756147 -0.042824366765 -0.043422253154 
210	0.088355484789 0.044918807023 -0.066709388428 -0.005348110066 -0.011834343699 -0.021465541228 -0.036405398931 -0.044905230264 
208	0.088986334647 0.043289802059 -0.069012853177 -0.004730457804 -0.010252628346 -0.017974896545 -0.030299553778 -0.043045064331 
206	0.089631999975 0.041621874200 -0.071386867756 -0.004283296850 -0.009122910218 -0.015509625095 -0.025410679357 -0.038858112111 
204	0.090254678603 0.039842167134 -0.073554379309 -0.003932918764 -0.008251804417 -0.013653139176 -0.021602634405 -0.033642069132 
202	0.090885930782 0.038006588504 -0.075745361774 -0.003670563136 -0.007601097750 -0.012281135736 -0.018773792041 -0.028800643428 
200	0.091532632603 0.036125647882 -0.078007715497 -0.003479325534 -0.007121889924 -0.011268467104 -0.016687193064 -0.024839966156 
198	0.092147342692 0.034120848826 -0.079970839231 -0.003322880523 -0.006729930095 -0.010449106929 -0.015031961977 -0.021602967904 
196	0.092777573594 0.032064955636 -0.082002950148 -0.003216395325 -0.006451108646 -0.009846296698 -0.013799348698 -0.019149309286 
194	0.093408803465 0.029936343826 -0.083981774557 -0.003147314247 -0.006255188122 -0.009397866200 -0.012861505300 -0.017268010690 
192	0.094020247481 0.027704006131 -0.085735701016 -0.003103737770 -0.006114738026 -0.009051189944 -0.012117569651 -0.015776481135 
190	0.094647891243 0.025412744623 -0.087555110599 -0.003099047190 -0.006053941173 -0.008835574415 -0.011589840407 -0.014668555564 
188	0.095252233556 0.023017833273 -0.089100758758 -0.003117644283 -0.006039065939 -0.008693350310 -0.011184041842 -0.013786500935 
186	0.095858638481 0.020542304826 -0.090583908495 -0.003170963302 -0.006090212382 -0.008648620589 -0.010920932360 -0.013133537875 
184	0.096464253718 0.017984964187 -0.091969402222 -0.003261378531 -0.006209090044 -0.008697779348 -0.010785066930 -0.012670187735 
182	0.097046709547 0.015324074670 -0.093057030216 -0.003385571408 -0.006385731104 -0.008819806240 -0.010739206933 -0.012333790571 
180	0.097646141342 0.012587964623 -0.094184278502 -0.003567592502 -0.006661802018 -0.009066357389 -0.010838968603 -0.012177707853 
178	0.098201731926 0.009740992172 -0.094804535976 -0.003795779030 -0.007008464049 -0.009386616856 -0.011009190451 -0.012099031573 
176	0.098774299989 0.006810798518 -0.095434120922 -0.004113592255 -0.007497856201 -0.009866660465 -0.011341750548 -0.012191003225 
174	0.099312393053 0.003780514849 -0.095594316848 -0.004528746829 -0.008128035176 -0.010482591642 -0.011788916237 -0.012383315803 
172	0.099854920342 0.000655324146 -0.095588429582 -0.005106560062 -0.008990781504 -0.011324040270 -0.012430136997 -0.012745080485 
170	0.100366400811 -0.002564927107 -0.095043537100 -0.005912791930 -0.010151192780 -0.012420558916 -0.013260701305 -0.013246577821 
168	0.100875465513 -0.005885748767 -0.094093865975 -0.007119562415 -0.011800165351 -0.013915507604 -0.014381005220 -0.013959909093 
166	0.101350439545 -0.009297528195 -0.092243122753 -0.009037973493 -0.014198994948 -0.015939285937 -0.015835889285 -0.014883690130 
164	0.101822354726 -0.012814374539 -0.089198083191 -0.012521352590 -0.017962040960 -0.018820306142 -0.017807506419 -0.016129317646 
162	0.102250120945 -0.016413758606 -0.082843907721 -0.020127523387 -0.024184810631 -0.022948984100 -0.020424943946 -0.017720837085 
160	0.102680912578 -0.020126826818 -0.060224612388 -0.039912055638 -0.034831493457 -0.029093707346 -0.024062954255 -0.019867835275 
158	0.103049929016 -0.023904070070 -0.030611605797 -0.049728589817 -0.047538029673 -0.037483400132 -0.028917744054 -0.022614971483 
156	0.103413909666 -0.027791029519 -0.016143366473 -0.035065039105 -0.049147784186 -0.046071250165 -0.035246275070 -0.026272409050 
154	0.103733158414 -0.031752654220 -0.010661121754 -0.023871256714 -0.039995397422 -0.048811278206 -0.041965741665 -0.030865796417 
152	0.104017298419 -0.035792144334 -0.007948705377 -0.017537844745 -0.030411397897 -0.044065146356 -0.046248020320 -0.036133260597 
150	0.104281845410 -0.039937245253 -0.006372178964 -0.013797138187 -0.023619315831 -0.036399339743 -0.045617146463 -0.040932952621 
148	0.104472170629 -0.044101369738 -0.005339196698 -0.011370256257 -0.019028333406 -0.029381746391 -0.040712721337 -0.043117231024 
146	0.104633175855 -0.048351152779 -0.004631179245 -0.009727211157 -0.015921170796 -0.024111041977 -0.034507499990 -0.041759836883 
144	0.104758226971 -0.052683126507 -0.004124274264 -0.008563425674 -0.013744498130 -0.020315389679 -0.028917145038 -0.037696876321 
142	0.104800050677 -0.056997079004 -0.003740287749 -0.007690632951 -0.012135943834 -0.017518884904 -0.024423726421 -0.032588057065 
140	0.104795097762 -0.061362403796 -0.003452641489 -0.007039750973 -0.010946967502 -0.015468457264 -0.021036116692 -0.027872027514 
138	0.104735996812 -0.065766507282 -0.003235625431 -0.006548820799 -0.010053612392 -0.013939065206 -0.018497999073 -0.024009679031 
136	0.104607171133 -0.070170877754 -0.003071049287 -0.006174908979 -0.009372010822 -0.012776472224 -0.016574943249 -0.020982994139 
134	0.104388626821 -0.074513174428 -0.002945974234 -0.005887963740 -0.008844741873 -0.011876041012 -0.015091987678 -0.018629670442 
132	0.104095837188 -0.078830820801 -0.002857776765 -0.005680098914 -0.008452264593 -0.011193970454 -0.013961743045 -0.016828917864 
130	0.103720395752 -0.083098017794 -0.002801428363 -0.005539153206 -0.008170394226 -0.010684682633 -0.013101432325 -0.015448723983 
128	0.103253610188 -0.087284916407 -0.002773873363 -0.005457388494 -0.007983113559 -0.010317306731 -0.012454081928 -0.014392011883 
126	0.102686507072 -0.091357703546 -0.002773646827 -0.005430492543 -0.007880408458 -0.010071289152 -0.011980591714 -0.013589553502 
124	0.102009835089 -0.095278685478 -0.002800705925 -0.005457064547 -0.007857023365 -0.009933718005 -0.011654559929 -0.012992736563 
122	0.101214066409 -0.099006340367 -0.002856438077 -0.005538468375 -0.007911852714 -0.009897761961 -0.011458999377 -0.012568026234 
120	0.100289395976 -0.102495293262 -0.002943850464 -0.005679025373 -0.008047840211 -0.009961895577 -0.011384347604 -0.012293135595 
118	0.099225738388 -0.105696134452 -0.003067989523 -0.005886596279 -0.008272370793 -0.010129758453 -0.011427407263 -0.012154550821 
116	0.098012722066 -0.108554942021 -0.003236703289 -0.006173699756 -0.008598249774 -0.010410627275 -0.011591028007 -0.012146087917 
114	0.096639680386 -0.111012252284 -0.003461974933 -0.006559474170 -0.009045508874 -0.010820607796 -0.011884479581 -0.012268272719 
112	0.095095639379 -0.113000982286 -0.003762290395 -0.007073089942 -0.009644517808 -0.011384818040 -0.012324596247 -0.012528456274 
110	0.093369301727 -0.114442287010 -0.004167023116 -0.007759842384 -0.010441323745 -0.012141090260 -0.012937926757 -0.012941695917 
108	0.091449026596 -0.115237111923 -0.004725082002 -0.008692547766 -0.011507024593 -0.013146161049 -0.013764340409 -0.013532561595 
106	0.089322805014 -0.115248058258 -0.005523473091 -0.009994230006 -0.012954826510 -0.014486106443 -0.014862864912 -0.014338184692 
104	0.086954706042 -0.114134592569 -0.006723954918 -0.011872670916 -0.014953942926 -0.016273346298 -0.016299231631 -0.015391413812 
102	0.084343985942 -0.111551500762 -0.008702311653 -0.014762692967 -0.017830544165 -0.018721400483 -0.018208651169 -0.016777260897 
100	0.081485321803 -0.106585827805 -0.012471108693 -0.019599431836 -0.022163663392 -0.022164395951 -0.020786714557 -0.018612451848 
98	0.076367495405 -0.096024234156 -0.021621077870 -0.028327414345 -0.028663272526 -0.026700707283 -0.023770906517 -0.020372095665 
96	0.071654039937 -0.052774566574 -0.048006517387 -0.044075696695 -0.039055907111 -0.033715250332 -0.028411659414 -0.023262432779 
94	0.067315491418 -0.026038511615 -0.045732328042 -0.053352006952 -0.050481221279 -0.043148977080 -0.035156295534 -0.027698593703 
92	0.063325404126 -0.014804215697 -0.030197748691 -0.044570268531 -0.052838559340 -0.051438374683 -0.043539461081 -0.033995386276 
90	0.059662804157 -0.010703507111 -0.022155697481 -0.034595469213 -0.046453005645 -0.053156386532 -0.050815028494 -0.041744459492 
88	0.056300005272 -0.008743885214 -0.018020052431 -0.028243666338 -0.039261906215 -0.049170545833 -0.053514988325 -0.048991319700 
86	0.053216752495 -0.007675652069 -0.015718224020 -0.024462033167 -0.034056853178 -0.043943997845 -0.051750850951 -0.053108433591 
84	0.050394753708 -0.007057785964 -0.014373385891 -0.022189920722 -0.030675117755 -0.039704528175 -0.048261962698 -0.053492740993 
82	0.047817603456 -0.006697002297 -0.013579150145 -0.020819655987 -0.028548061737 -0.036751126460 -0.044987842623 -0.051746894554 
80	0.045470728787 -0.006495511817 -0.013126044745 -0.020014099506 -0.027247816424 -0.034827903376 -0.042526807173 -0.049543450328 
78	0.043342898982 -0.006398500870 -0.012896073753 -0.019578154178 -0.026498378515 -0.033645119296 -0.040865081993 -0.047681638744 
76	0.041421168159 -0.006372760672 -0.012817839529 -0.019392889250 -0.026124227555 -0.032982687151 -0.039837745734 -0.046357569197 
74	0.039696477234 -0.006396863565 -0.012845446633 -0.019381922634 -0.026010896816 -0.032686230311 -0.039281001194 -0.045529248594 
72	0.038161679456 -0.006456215969 -0.012947818437 -0.019493849890 -0.026081247726 -0.032648634747 -0.039065350251 -0.045095911356 
70	0.036811678213 -0.006540368117 -0.013102869316 -0.019692493879 -0.026281359121 -0.032794439453 -0.039094333124 -0.044959154458 
68	0.035643638456 -0.006641452249 -0.013294128839 -0.019951233773 -0.026572066929 -0.033069110318 -0.039296771093 -0.045037934495 
66	0.034657296313 -0.006753216096 -0.013508665641 -0.020249532820 -0.026923732151 -0.033431983800 -0.039619553177 -0.045268895719 
64	0.033855402332 -0.006870380376 -0.013735722914 -0.020570686557 -0.027312866684 -0.033851606182 -0.040022172875 -0.045603070997 
62	0.033244350011 -0.006988170143 -0.013965742230 -0.020900252231 -0.027719831279 -0.034302563748 -0.040472796398 -0.046002335043 
60	0.032835065926 -0.007101927662 -0.014189579402 -0.021224837309 -0.028127133810 -0.034763208766 -0.040945418082 -0.046436435301 
58	0.032644275763 -0.007206738311 -0.014397772750 -0.021531027898 -0.028518017377 -0.035213881982 -0.041417708996 -0.046880644785 
56	0.032696319845 -0.007297004103 -0.014579736555 -0.021804272518 -0.028875096912 -0.035635335647 -0.041869242364 -0.047313871135 
54	0.033026204666 -0.007365880403 -0.014722717527 -0.022027486876 -0.029178734833 -0.036006958666 -0.042279598019 -0.047716666935 
52	0.033682647755 -0.007404449577 -0.014810314254 -0.022179196327 -0.029405098315 -0.036304987477 -0.042626888996 -0.048070180044 
50	0.034733785303 -0.007400392979 -0.014820116272 -0.022230604688 -0.029523122307 -0.036499716008 -0.042885424890 -0.048354357188 
48	0.036276685550 -0.007335699050 -0.014719663233 -0.022140625928 -0.029489390191 -0.036550759617 -0.043021614763 -0.048544525148 
46	0.038450046914 -0.007182428204 -0.014459119659 -0.021847155550 -0.029239540188 -0.036399626501 -0.042988208139 -0.048607423998 
44	0.041453827814 -0.006894226053 -0.013956870649 -0.021250337771 -0.028672204330 -0.035956092573 -0.042713784622 -0.048493808073 
42	0.045577075416 -0.006387576204 -0.013068616270 -0.020178036183 -0.027617148564 -0.035072042571 -0.042082992747 -0.048124595849 
40	0.051228193707 -0.005494748507 -0.011513395532 -0.018308096039 -0.025767685411 -0.033488526513 -0.040897705874 -0.047363860802 
38	0.058915809334 -0.003822756333 -0.008670105897 -0.014975956301 -0.022529008811 -0.030725883664 -0.038801182303 -0.045969104356 
36	0.068879944596 -0.000201421948 -0.002913969676 -0.008660004118 -0.016670722953 -0.025853535559 -0.035122661432 -0.043484686888 
34	0.078132464502 0.010608154875 0.010737650854 0.004186037333 -0.005733242536 -0.017137046952 -0.028636996327 -0.039068401100 
