380	0.015903409102 0.031041536223 0.044614872353 0.055804858379 0.063798366478 0.067281923211 0.004686833986 0.009414997779 
378	0.016019388642 0.031261714290 0.044914390852 0.056144828351 0.064123849085 0.067448907134 0.004716491345 0.009210767395 
376	0.016136802253 0.031484635527 0.045217646752 0.056488948723 0.064452762050 0.067603976561 0.004794320022 0.009102400631 
374	0.016255674976 0.031710348485 0.045524706389 0.056837289653 0.064785129182 0.067743913374 0.004924725775 0.009085542534 
372	0.016376032411 0.031938902834 0.045835637610 0.057189922655 0.065120971482 0.067864443186 0.005115227524 0.009160159658 
370	0.016497900730 0.032170349387 0.046150509807 0.057546920630 0.065460306681 0.067959754212 0.005377531822 0.009330609300 
368	0.016621306713 0.032404740146 0.046469393972 0.057908357877 0.065803148718 0.068021718856 0.005729387010 0.009606194834 
366	0.016746277763 0.032642128316 0.046792362727 0.058274310116 0.066149507135 0.068038573517 0.006197800277 0.010002331240 
364	0.016872841902 0.032882568348 0.047119490377 0.058644854500 0.066499386381 0.067992546440 0.006824800574 0.010542578355 
362	0.017001027806 0.033126115987 0.047450852952 0.059020069628 0.066852785005 0.067855274762 0.007678282598 0.011262016244 
360	0.017130864821 0.033372828293 0.047786528258 0.059400035569 0.067209694728 0.067578076314 0.008873749110 0.012212809703 
358	0.017261451542 0.033615487774 0.048103082751 0.059732746171 0.067478029947 0.066938206703 0.010599921167 0.013445411634 
356	0.017393737242 0.033861327725 0.048423774509 0.060069621687 0.067748558396 0.065864855185 0.013283439172 0.015101553896 
354	0.017527753177 0.034110407584 0.048748680906 0.060410733504 0.068021228516 0.063779927832 0.017813007372 0.017365003392 
352	0.017663531335 0.034362788244 0.049077881163 0.060756154248 0.068295976897 0.057715516924 0.026134798283 0.020521675423 
350	0.017801104475 0.034618532076 0.049411456395 0.061105957785 0.068572726371 0.051266216414 0.040015072262 0.024988219187 
348	0.017940506150 0.034877702980 0.049749489672 0.061460219208 0.068851383745 0.033416688488 0.049648741221 0.031203285984 
346	0.018081770719 0.035140366435 0.050092066069 0.061819014829 0.069131837113 0.019578482836 0.049217972195 0.038949282134 
344	0.018224933403 0.035406589553 0.050439272728 0.062182422154 0.069413952636 0.013779666985 0.042473522098 0.046109815870 
342	0.018370030239 0.035676441108 0.050791198909 0.062550519866 0.069697570674 0.010916324002 0.033289351921 0.049921295339 
340	0.018517098205 0.035949991598 0.051147936059 0.062923387791 0.069982501106 0.009012157871 0.025907708852 0.049816847985 
338	0.018666175145 0.036227313312 0.051509577871 0.063301106856 0.070268517639 0.007660969071 0.020848198379 0.046386318795 
336	0.018817299895 0.036508480358 0.051876220340 0.063683759047 0.070555350829 0.006690193584 0.017359106918 0.040787921281 
334	0.018970512222 0.036793568746 0.052247961843 0.064071427346 0.070842679471 0.005976497927 0.014867396488 0.034664116873 
332	0.019125852918 0.037082656430 0.052624903200 0.064464195662 0.071130119893 0.005440995097 0.013040318241 0.029238086098 
330	0.019283363818 0.037375823369 0.053007147739 0.064862148744 0.071417212510 0.005033944382 0.011674264485 0.024901441818 
328	0.019443087793 0.037673151612 0.053394801376 0.065265372087 0.071703404803 0.004723271335 0.010637953015 0.021560176615 
326	0.019605068843 0.037974725336 0.053787972687 0.065673951809 0.071988029523 0.004487790687 0.009844918649 0.019003406201 
324	0.019769352073 0.038280630929 0.054186772981 0.066087974514 0.072270276488 0.004313301922 0.009237316765 0.017041270463 
322	0.019935983800 0.038590957065 0.054591316376 0.066507527129 0.072549155611 0.004190305995 0.008775929610 0.015528441433 
320	0.020105011510 0.038905794765 0.055001719887 0.066932696718 0.072823447772 0.004112652580 0.008433999657 0.014359032114 
318	0.020276483949 0.039225237491 0.055418103504 0.067363570258 0.073091638520 0.004076748469 0.008193421401 0.013457349310 
316	0.020450451164 0.039549381198 0.055840590276 0.067800234379 0.073351827058 0.004081131867 0.008042396537 0.012769744246 
314	0.020626964509 0.039878324453 0.056269306395 0.068242775075 0.073601598869 0.004126316177 0.007974027202 0.012258495053 
312	0.020806076727 0.040212168488 0.056704381289 0.068691277345 0.073837843488 0.004214871085 0.007985550782 0.011897534818 
310	0.020987841968 0.040551017312 0.057145947713 0.069145824796 0.074056487213 0.004351762301 0.008078064852 0.011669601669 
308	0.021171882472 0.040891616861 0.057583444544 0.069583451808 0.074213878902 0.004542399085 0.008251785839 0.011557283786 
306	0.021357590035 0.041228914616 0.058000573030 0.069968830686 0.074244481300 0.004794578161 0.008508606683 0.011545802502 
304	0.021546098005 0.041571355691 0.058423992219 0.070359174461 0.074233120324 0.005132882720 0.008875750927 0.011653912641 
302	0.021737466229 0.041919052257 0.058853836485 0.070754532945 0.074164924228 0.005585387959 0.009376351055 0.011887962351 
300	0.021931756212 0.042272119659 0.059290243704 0.071154951251 0.074017283409 0.006196652399 0.010045175142 0.012260854245 
298	0.022129031179 0.042630676517 0.059733355348 0.071560468855 0.073753836566 0.007040699101 0.010934790074 0.012793605401 
296	0.022329356140 0.042994844851 0.060183316586 0.071971118482 0.073311564029 0.008248460469 0.012126276958 0.013517997977 
294	0.022532797935 0.043364750193 0.060640276370 0.072386924821 0.072569189597 0.010071688712 0.013748373156 0.014480847720 
292	0.022739425313 0.043740521709 0.061104387541 0.072807902998 0.071253381706 0.013050015454 0.016012265973 0.015750728470 
290	0.022949308991 0.044122292337 0.061575806920 0.073234056788 0.068555878714 0.018496746317 0.019272977349 0.017428322723 
288	0.023162521726 0.044510198908 0.062054695414 0.073665376488 0.059919077543 0.029663003468 0.024114429185 0.019661409116 
286	0.023379138389 0.044904382298 0.062541218100 0.074101836407 0.045366077250 0.046676611768 0.031299799860 0.022662500563 
284	0.023599236046 0.045304987562 0.063035544334 0.074543391859 0.024871778366 0.050478234422 0.040717877922 0.026712356370 
282	0.023822894016 0.045712164096 0.063537847838 0.074989975583 0.015995497051 0.041944518575 0.048789766988 0.032079885955 
280	0.024050193985 0.046126065785 0.064048306792 0.075441493425 0.011655577754 0.031538214745 0.050996307999 0.038677951403 
278	0.024281220065 0.046546851174 0.064567103927 0.075897819130 0.009124095923 0.023968904151 0.047317700882 0.045388536050 
276	0.024516058894 0.046974683635 0.065094426606 0.076358788015 0.007519359319 0.018967161271 0.040441964477 0.050072764442 
274	0.024754799736 0.047409731554 0.065630466905 0.076824189242 0.006432323043 0.015615051046 0.033307752717 0.051188802833 
272	0.024997534565 0.047852168504 0.066175421680 0.077293756303 0.005659776148 0.013290472401 0.027428456267 0.048745203862 
270	0.025244358184 0.048302173452 0.066729492641 0.077767155261 0.005092235213 0.011623341720 0.022988563893 0.043844961555 
268	0.025493043386 0.048742041817 0.067236974973 0.078128137466 0.004656892909 0.010373262861 0.019664060127 0.037960393797 
266	0.025745975349 0.049189531816 0.067752969832 0.078490096430 0.004325733807 0.009432638526 0.017195688866 0.032449404592 
264	0.026003257113 0.049644832568 0.068277671262 0.078852385487 0.004073384817 0.008716258047 0.015340505182 0.027856072714 
262	0.026264994978 0.050108139244 0.068811277770 0.079214210566 0.003883117976 0.008168785875 0.013929695877 0.024224797245 
260	0.026531298615 0.050579653298 0.069353992312 0.079574592935 0.003743751112 0.007753402501 0.012848554133 0.021408558572 
258	0.026802281217 0.051059582712 0.069906022244 0.079932320230 0.003647866044 0.007445277683 0.012019032620 0.019232998110 
256	0.027078059619 0.051548142250 0.070467579256 0.080285881208 0.003590765628 0.007227719675 0.011387643251 0.017550696468 
254	0.027358754469 0.052045553724 0.071038879264 0.080633377438 0.003569876389 0.007089870593 0.010917595548 0.016249691263 
252	0.027644490358 0.052552046276 0.071620142265 0.080972401729 0.003584447434 0.007025345264 0.010583792463 0.015248387963 
250	0.027935395984 0.053067856662 0.072211592135 0.081299867477 0.003635476794 0.007031492146 0.010369682170 0.014488397554 
248	0.028231604337 0.053593229560 0.072813456384 0.081611763758 0.003725850630 0.007109115782 0.010265330838 0.013928517483 
246	0.028533252852 0.054128417887 0.073425965824 0.081902794874 0.003860729996 0.007262605769 0.010266340461 0.013540347983 
244	0.028840483608 0.054673683124 0.074049354167 0.082165834094 0.004048283031 0.007500505385 0.010373410303 0.013305318538 
242	0.029153443516 0.055229295673 0.074683857527 0.082391067015 0.004300965069 0.007836654109 0.010592466927 0.013212808676 
240	0.029472284524 0.055795535207 0.075329713798 0.082564592626 0.004637749398 0.008292190014 0.010935397375 0.013259122203 
238	0.029793808624 0.056347102819 0.075908958387 0.082515490094 0.005077893297 0.008880672278 0.011397253205 0.013417266175 
236	0.030121469772 0.056909379723 0.076498477168 0.082362302297 0.005677012208 0.009665973127 0.012029439555 0.013726181636 
234	0.030455434852 0.057482663192 0.077098474001 0.082055312209 0.006514772155 0.010722157345 0.012874405699 0.014202873863 
232	0.030795876645 0.058067261015 0.077709150051 0.081507458634 0.007737140031 0.012169102788 0.013995486935 0.014874394521 
230	0.031142974122 0.058663491921 0.078330702247 0.080548905943 0.009639568266 0.014209811506 0.015488263689 0.015781167321 
228	0.031496912689 0.059271686051 0.078963321421 0.078789119803 0.012907255088 0.017205341937 0.017499307038 0.016982196222 
226	0.031857884497 0.059892185419 0.079607190067 0.075031210282 0.019430224415 0.021818959883 0.020255745286 0.018562926846 
224	0.032226088733 0.060525344418 0.080262479617 0.061730583215 0.034498403808 0.029178681319 0.024103084465 0.020646390378 
222	0.032601731933 0.061171530337 0.080929347161 0.037994798901 0.051594831979 0.040061807298 0.029506209738 0.023406413879 
220	0.032985028336 0.061831123900 0.081607931456 0.020327766462 0.045016482408 0.050085846145 0.036786215651 0.027073291057 
218	0.033376200225 0.062504519835 0.082298348073 0.013174689419 0.032415530411 0.051037551982 0.045049848072 0.031893199581 
216	0.033775478308 0.063192127454 0.083000683480 0.009673254767 0.023572058346 0.044112359967 0.051034709966 0.037931119560 
214	0.034178463902 0.063859348216 0.083610903664 0.007647380680 0.018084848189 0.035273840090 0.051500241876 0.044472767955 
212	0.034589948504 0.064540891078 0.084230919018 0.006355422456 0.014599682853 0.028023200410 0.046959146206 0.049847318902 
210	0.035010188118 0.065237192704 0.084860641198 0.005472614708 0.012265016183 0.022794394167 0.040141798984 0.051998038909 
208	0.035439448805 0.065948706304 0.085499914557 0.004840743470 0.010627155908 0.019099851355 0.033507864714 0.050226027820 
206	0.035878007195 0.066675902322 0.086148499907 0.004374265901 0.009437157399 0.016451169472 0.028091966768 0.045538911769 
204	0.036326150978 0.067419269153 0.086806054089 0.004023240405 0.008550982339 0.014510691073 0.023954277569 0.039704746857 
202	0.036784179476 0.068179313875 0.087472104060 0.003756807469 0.007880973141 0.013061344238 0.020845235579 0.034136320100 
200	0.037252404213 0.068956563015 0.088146013747 0.003555106587 0.007371505655 0.011963919208 0.018502722208 0.029457030796 
198	0.037731149534 0.069751563323 0.088826941239 0.003405024093 0.006986160420 0.011127609245 0.016723850129 0.025742976424 
196	0.038219637219 0.070556552824 0.089489897848 0.003296614482 0.006698119522 0.010487954993 0.015358203915 0.022847975620 
194	0.038714233693 0.071342342735 0.090048250918 0.003220182162 0.006483016685 0.009991500564 0.014287176404 0.020573146432 
192	0.039220270352 0.072146575380 0.090606513827 0.003177765462 0.006341735393 0.009629338190 0.013470267939 0.018816297069 
190	0.039738126034 0.072969856029 0.091162273925 0.003167500205 0.006267537310 0.009382395031 0.012858253829 0.017461848472 
188	0.040268195969 0.073812813341 0.091712392334 0.003189127451 0.006257204100 0.009238579705 0.012417300680 0.016425449759 
186	0.040810892647 0.074676100158 0.092252752370 0.003243977463 0.006310680758 0.009191344729 0.012124752963 0.015646807725 
184	0.041366646762 0.075560394300 0.092777897098 0.003335150171 0.006431099280 0.009238962688 0.011966488877 0.015083592967 
182	0.041935908206 0.076466399320 0.093280493859 0.003467936866 0.006625192214 0.009384370878 0.011935368821 0.014706996119 
180	0.042519147116 0.077394845215 0.093750519630 0.003650592739 0.006904195661 0.009635559321 0.012030501199 0.014498736134 
178	0.043108818730 0.078287231272 0.094013328757 0.003887869403 0.007270588617 0.009985540522 0.012230377275 0.014416037750 
176	0.043713285459 0.079202135232 0.094207373443 0.004205752378 0.007763897345 0.010475851952 0.012573133193 0.014490637435 
174	0.044333079866 0.080140327245 0.094303507748 0.004633881973 0.008423263213 0.011138751396 0.013078361633 0.014727332134 
172	0.044968759576 0.081102604693 0.094256610270 0.005220881773 0.009309863182 0.012022776710 0.013776447555 0.015139189959 
170	0.045620908699 0.082089792274 0.093992722005 0.006051443772 0.010522965019 0.013201793471 0.014712789429 0.015749079588 
168	0.046290139426 0.083102741861 0.093380873551 0.007285823498 0.012232026197 0.014790811662 0.015954649532 0.016592393434 
166	0.046976319235 0.084136706058 0.092148474401 0.009262921160 0.014742864637 0.016971402588 0.017599174896 0.017718262566 
164	0.047671469856 0.085129683370 0.089543360979 0.012811930140 0.018622523523 0.020010070459 0.019759142411 0.019164693658 
162	0.048385472430 0.086149201266 0.083826008810 0.020611380769 0.025102451333 0.024429470158 0.022689142290 0.021074285986 
160	0.049119061665 0.087196155011 0.061252028686 0.040850983491 0.036140580782 0.030955158951 0.026709249014 0.023598427164 
158	0.049873009668 0.088271458442 0.031278020960 0.051154436741 0.049552373599 0.040041056810 0.032210320683 0.026943111506 
156	0.050648128295 0.089376040185 0.016503324879 0.036163843578 0.051446787590 0.049397871006 0.039362118671 0.031353466415 
154	0.051443485613 0.090498072728 0.010911076474 0.024673110927 0.042062313511 0.052668538687 0.047121981745 0.036984965704 
152	0.052250866739 0.091573288090 0.008131465291 0.018127835419 0.032037817347 0.047773292464 0.052225210559 0.043470911446 
150	0.053081789886 0.092678134610 0.006508417568 0.014242220457 0.024872147150 0.039550661317 0.051789577153 0.049486705184 
148	0.053937242699 0.093813464848 0.005460110510 0.011753591438 0.020077614373 0.032049236451 0.046584353251 0.052655679751 
146	0.054818266860 0.094980100028 0.004737691952 0.010059551749 0.016812087551 0.026350829455 0.039690878884 0.051494600149 
144	0.055725961703 0.096178811285 0.004218064994 0.008854203088 0.014513457216 0.022218003177 0.033360908974 0.046859575254 
142	0.056646067865 0.097302072845 0.003826130180 0.007953665377 0.012819560546 0.019175198807 0.028243457816 0.040779856280 
140	0.057594815297 0.098455689904 0.003531177208 0.007279137348 0.011562104297 0.016933137420 0.024352915308 0.035026635281 
138	0.058573487495 0.099640041984 0.003307985692 0.006768953631 0.010614766066 0.015255702759 0.021423041207 0.030249220749 
136	0.059583442774 0.100855313181 0.003140246557 0.006383519284 0.009896887605 0.013987101890 0.019208732721 0.026491741973 
134	0.060616919142 0.102038254960 0.003014141029 0.006090493998 0.009345714356 0.013009913607 0.017506064610 0.023564396004 
132	0.061675054332 0.103185788331 0.002922953694 0.005873460587 0.008927676984 0.012257947104 0.016190230851 0.021291881773 
130	0.062768522057 0.104359249415 0.002865109323 0.005727194485 0.008628895282 0.011698423564 0.015190608644 0.019549179369 
128	0.063899019961 0.105557046971 0.002837767177 0.005644250355 0.008433265482 0.011298659473 0.014442999272 0.018218683402 
126	0.065056798317 0.106699426513 0.002836661297 0.005614575400 0.008321637686 0.011024302760 0.013886560912 0.017193909872 
124	0.066244573072 0.107788351943 0.002862425158 0.005638124662 0.008290702355 0.010864516136 0.013495531963 0.016421146061 
122	0.067474485258 0.108886420398 0.002919350733 0.005722060855 0.008347979038 0.010823629380 0.013265628321 0.015878182763 
120	0.068748683210 0.109986222621 0.003010699339 0.005871168399 0.008496920273 0.010900201254 0.013185718931 0.015536453623 
118	0.070043709251 0.110910424339 0.003135634724 0.006081695201 0.008727687899 0.011074794300 0.013222552415 0.015342444744 
116	0.071386976692 0.111806731518 0.003308386581 0.006378871657 0.009072039071 0.011381755965 0.013409938226 0.015326123495 
114	0.072781064147 0.112653455029 0.003541465526 0.006782914300 0.009551589978 0.011839035560 0.013758599450 0.015487596781 
112	0.074203643100 0.113262428964 0.003847703369 0.007312161832 0.010181318172 0.012452152030 0.014261320413 0.015804468284 
110	0.075677189924 0.113708799224 0.004261859044 0.008022670095 0.011023246932 0.013279772977 0.014969838199 0.016320616500 
108	0.077209455918 0.113945253527 0.004835400952 0.008992460915 0.012156208394 0.014388466718 0.015935272110 0.017072300966 
106	0.078769478064 0.113643571124 0.005646621205 0.010328753118 0.013672346636 0.015839126233 0.017187657053 0.018063336464 
104	0.080394049873 0.112777503436 0.006877101350 0.012276948693 0.015792614230 0.017806118753 0.018861724140 0.019400265772 
102	0.082070379015 0.110805503534 0.008903201830 0.015272270176 0.018841986069 0.020499256615 0.021086193471 0.021158705988 
100	0.083796119057 0.106638334894 0.012750423358 0.020267353252 0.023415875220 0.024266620081 0.024068449744 0.023465333506 
98	0.085593432574 0.096973575449 0.022162894917 0.029448974383 0.030564928490 0.029666900096 0.028141125186 0.026534600980 
96	0.087430591773 0.052706583488 0.048407888816 0.045182467480 0.041195901088 0.037217277553 0.033622514347 0.030557637421 
94	0.089351502717 0.025196491440 0.044697205350 0.053110817610 0.051803855266 0.046456900155 0.040733300638 0.035832277174 
92	0.091314114365 0.013581277242 0.028045161553 0.042299638509 0.051841647785 0.053036162279 0.048366102215 0.042239472194 
90	0.093367809331 0.009193243736 0.019277866185 0.030812771953 0.042890249769 0.051702223476 0.053268631464 0.048866564605 
88	0.095465537077 0.006958168154 0.014523313407 0.023298233359 0.033593643969 0.044382210804 0.052089817246 0.053098216786 
86	0.097655257715 0.005630401737 0.011667536799 0.018561091126 0.026766168813 0.036395603666 0.046186773831 0.052629203436 
84	0.099906485062 0.004757970500 0.009793196413 0.015422849092 0.022022227071 0.029941928828 0.039088551555 0.047910760755 
82	0.102238231292 0.004150373017 0.008492732152 0.013249561213 0.018699010237 0.025169357805 0.032908249974 0.041591121540 
80	0.104661990968 0.003710581811 0.007554912323 0.011689302410 0.016314212001 0.021687059348 0.028092311083 0.035659463130 
78	0.107142629587 0.003380511204 0.006853240135 0.010527297450 0.014545511588 0.019098918420 0.024427272171 0.030762621494 
76	0.109715096261 0.003131345448 0.006324328478 0.009653670084 0.013220134914 0.017162722156 0.021666312496 0.026948984735 
74	0.112377517687 0.002942207176 0.005922694259 0.008990348364 0.012214857501 0.015696203553 0.019572407048 0.024020114355 
72	0.115127299136 0.002799533106 0.005618837250 0.008486752960 0.011449523299 0.014578068682 0.017974073199 0.021773381136 
70	0.117944759552 0.002693451567 0.005391412350 0.008106593832 0.010867062653 0.013721876708 0.016745365386 0.020040046113 
68	0.120847378574 0.002619339588 0.005230123492 0.007831638301 0.010437497538 0.013080131447 0.015813533085 0.018714864434 
66	0.123830581292 0.002573325879 0.005126413670 0.007646915004 0.010136579027 0.012614966854 0.015120967307 0.017713028404 
64	0.126888518427 0.002553202500 0.005075224767 0.007543183674 0.009948740850 0.012301308834 0.014628565796 0.016975429671 
62	0.130013713155 0.002558150383 0.005074363484 0.007515762203 0.009865095833 0.012123623218 0.014310758444 0.016461889512 
60	0.133196523111 0.002588645837 0.005124246070 0.007563972327 0.009882369930 0.012074037563 0.014152435052 0.016146568063 
58	0.136395994712 0.002645517060 0.005225941716 0.007688036635 0.009998459095 0.012146296109 0.014140956284 0.016007635341 
56	0.139613360273 0.002732937877 0.005387095888 0.007897829740 0.010223903527 0.012349872613 0.014282848210 0.016046528216 
54	0.142824644525 0.002856403229 0.005617741868 0.008206284471 0.010572588867 0.012697627073 0.014588020942 0.016268250643 
52	0.145933599566 0.003022252023 0.005929182617 0.008627383559 0.011058607069 0.013201354612 0.015063881401 0.016673952429 
50	0.148918734039 0.003244146834 0.006346571266 0.009194272127 0.011719371409 0.013899548860 0.015747589436 0.017297682469 
48	0.151662600272 0.003540193473 0.006902507730 0.009948409640 0.012599517390 0.014835525410 0.016678102001 0.018172137242 
46	0.153998668722 0.003939683482 0.007649085364 0.010954957288 0.013768081019 0.016075600113 0.017915176167 0.019348650941 
44	0.155707731687 0.004493249122 0.008674792526 0.012322046157 0.015337022661 0.017725551434 0.019553658400 0.020909698049 
42	0.156412688725 0.005291668235 0.010133203330 0.014228973948 0.017482885035 0.019944305143 0.021730149490 0.022970068340 
40	0.155505511139 0.006518672133 0.012320573210 0.017000276110 0.020505213501 0.022987047491 0.024655368765 0.025702808390 
38	0.151746680277 0.008596337204 0.015858422264 0.021241547400 0.024900720990 0.027234847734 0.028617939686 0.029329231249 
36	0.142549857397 0.012763320600 0.022265908217 0.028155096731 0.031491402044 0.033238937954 0.034002713994 0.034134944365 
34	0.120487365629 0.024252738315 0.035347393393 0.039574397100 0.041094841535 0.041392771961 0.041038444666 0.040286518098 
