380	1496.573985 1486.085308 1468.030324 1441.937747 1408.059593 1372.865773 1695.395976 1681.733631 
378	1496.543031 1485.956910 1467.728421 1441.382770 1407.210162 1372.386030 1695.385390 1682.143859 
376	1496.511657 1485.826713 1467.422170 1440.819905 1406.351312 1372.005093 1695.332949 1682.383291 
374	1496.479856 1485.694680 1467.111487 1440.249013 1405.483100 1371.747549 1695.233729 1682.468726 
372	1496.447618 1485.560776 1466.796286 1439.669953 1404.605606 1371.645781 1695.078423 1682.404649 
370	1496.414937 1485.424967 1466.476478 1439.082582 1403.718939 1371.743409 1694.851478 1682.183866 
368	1496.381805 1485.287214 1466.151973 1438.486756 1402.823238 1372.100806 1694.527636 1681.786216 
366	1496.348212 1485.147480 1465.822680 1437.882325 1401.918676 1372.804310 1694.065415 1681.175012 
364	1496.314151 1485.005728 1465.488503 1437.269143 1401.005467 1373.982507 1693.394359 1680.290098 
362	1496.279612 1484.861917 1465.149344 1436.647058 1400.083872 1375.836976 1692.388485 1679.035268 
360	1496.244587 1484.716006 1464.805107 1436.015915 1399.154203 1378.705458 1690.806446 1677.255506 
358	1496.209066 1484.567956 1464.455688 1435.375561 1398.216830 1383.206265 1688.142478 1674.694819 
356	1496.173042 1484.417722 1464.100982 1434.725839 1397.272195 1390.617018 1683.207841 1670.915695 
354	1496.136502 1484.265262 1463.740884 1434.066590 1396.320815 1404.048875 1672.790772 1665.141391 
352	1496.099438 1484.110531 1463.375285 1433.397656 1395.363301 1432.624039 1647.161613 1655.949747 
350	1496.061840 1483.953482 1463.004071 1432.718875 1394.400363 1500.886656 1584.712038 1640.751191 
348	1496.023698 1483.794069 1462.627128 1432.030086 1393.432839 1602.225964 1514.145773 1615.424852 
346	1495.985000 1483.632244 1462.244339 1431.331126 1392.461702 1658.258200 1511.019035 1576.833729 
344	1495.945737 1483.467957 1461.855583 1430.621834 1391.488090 1678.650689 1552.192300 1532.750462 
342	1495.905897 1483.301158 1461.460735 1429.902046 1390.513335 1686.872543 1599.946393 1503.909052 
340	1495.865469 1483.131795 1461.059672 1429.171600 1389.538990 1690.780819 1634.211895 1501.608712 
338	1495.824441 1482.959813 1460.652261 1428.430333 1388.566876 1692.892517 1654.601735 1521.780930 
336	1495.782801 1482.785158 1460.238369 1427.678086 1387.599129 1694.144938 1666.379537 1554.145614 
334	1495.740536 1482.607776 1459.817862 1426.914700 1386.638261 1694.940101 1673.404995 1587.156287 
332	1495.697636 1482.427605 1459.390599 1426.140019 1385.687237 1695.470869 1677.796708 1613.601100 
330	1495.654087 1482.244590 1458.956437 1425.353889 1384.749566 1695.838179 1680.667628 1632.266179 
328	1495.609875 1482.058666 1458.515228 1424.556163 1383.829423 1696.098553 1682.616294 1644.824448 
326	1495.564987 1481.869773 1458.066823 1423.746694 1382.931798 1696.285326 1683.978061 1653.238346 
324	1495.519410 1481.677847 1457.611068 1422.925346 1382.062696 1696.418901 1684.948866 1658.960311 
322	1495.473129 1481.482820 1457.147805 1422.091987 1381.229383 1696.512025 1685.647449 1662.932626 
320	1495.426130 1481.284627 1456.676871 1421.246497 1380.440729 1696.572621 1686.147783 1665.744536 
318	1495.378397 1481.083196 1456.198101 1420.388761 1379.707658 1696.605353 1686.496605 1667.764165 
316	1495.329916 1480.878456 1455.711326 1419.518681 1379.043759 1696.612456 1686.723162 1669.224167 
314	1495.280671 1480.670332 1455.216369 1418.636171 1378.466148 1696.594105 1686.844703 1670.273435 
312	1495.230646 1480.458751 1454.713055 1417.741162 1377.996677 1696.548436 1686.869439 1671.007737 
310	1495.179824 1480.243634 1454.201199 1416.833603 1377.663709 1696.471207 1686.797883 1671.487791 
308	1495.128187 1480.024900 1453.680614 1415.913465 1377.504766 1696.354983 1686.622877 1671.749854 
306	1495.075720 1479.802468 1453.151109 1414.980750 1377.570628 1696.187591 1686.328331 1671.811625 
304	1495.022404 1479.576251 1452.612488 1414.035481 1377.931933 1695.949205 1685.886272 1671.674989 
302	1494.968221 1479.346164 1452.064550 1413.077724 1378.690286 1695.606792 1685.251238 1671.326240 
300	1494.913151 1479.112117 1451.507089 1412.107580 1379.998078 1695.102847 1684.350026 1670.733783 
298	1494.857176 1478.874017 1450.939896 1411.125198 1382.096388 1694.330908 1683.062632 1669.842699 
296	1494.800274 1478.631769 1450.362753 1410.130781 1385.394395 1693.076987 1681.185419 1668.564592 
294	1494.742427 1478.385277 1449.775444 1409.124592 1390.656895 1690.861326 1678.356471 1666.759668 
292	1494.683613 1478.134437 1449.177742 1408.106969 1399.525617 1686.439374 1673.896292 1664.205167 
290	1494.623811 1477.879148 1448.569417 1407.078334 1416.325231 1675.907306 1666.455474 1660.539425 
288	1494.562997 1477.619301 1447.950237 1406.039202 1455.745582 1644.836501 1653.263350 1655.162887 
286	1494.501149 1477.354789 1447.319961 1404.990206 1554.163583 1567.570674 1629.066933 1647.071028 
284	1494.438245 1477.085494 1446.678345 1403.932109 1647.665919 1533.795732 1588.705699 1634.624749 
282	1494.374258 1476.811303 1446.025142 1402.865830 1678.539864 1575.583377 1544.497114 1615.499269 
280	1494.309167 1476.532095 1445.360097 1401.792469 1688.410344 1623.879286 1527.863454 1587.922249 
278	1494.242943 1476.247744 1444.682956 1400.713344 1692.422654 1653.218184 1545.555204 1555.082354 
276	1494.175560 1475.958123 1443.993454 1399.630024 1694.382478 1668.530351 1580.031916 1528.713684 
274	1494.106994 1475.663100 1443.291326 1398.544382 1695.468195 1676.716531 1612.626983 1520.716460 
272	1494.037214 1475.362540 1442.576306 1397.458649 1696.125204 1681.392628 1635.793844 1532.700692 
270	1493.966191 1475.056300 1441.848119 1396.375492 1696.548910 1684.244172 1650.560135 1557.439960 
268	1493.893899 1474.744239 1441.106490 1395.298097 1696.835082 1686.081026 1659.812010 1584.863419 
266	1493.820303 1474.426204 1440.351142 1394.230285 1697.034772 1687.316613 1665.729924 1608.006353 
264	1493.745376 1474.102043 1439.581797 1393.176652 1697.176996 1688.175226 1669.636898 1624.967056 
262	1493.669082 1473.771595 1438.798175 1392.142749 1697.279055 1688.785209 1672.298162 1636.682300 
260	1493.591391 1473.434699 1437.999996 1391.135320 1697.351609 1689.223258 1674.159230 1644.670383 
258	1493.512266 1473.091181 1437.186981 1390.162595 1697.401312 1689.536685 1675.485795 1650.165261 
256	1493.431674 1472.740871 1436.358855 1389.234705 1697.432243 1689.755176 1676.440628 1654.007759 
254	1493.349576 1472.383585 1435.515344 1388.364217 1697.446693 1689.897216 1677.125728 1656.739511 
252	1493.265937 1472.019136 1434.656180 1387.566876 1697.445559 1689.973655 1677.605776 1658.705268 
250	1493.180717 1471.647335 1433.781106 1386.862638 1697.428499 1689.989643 1677.921439 1660.125434 
248	1493.093876 1471.267979 1432.889868 1386.277139 1697.393870 1689.945485 1678.096949 1661.141888 
246	1493.005373 1470.880865 1431.982231 1385.843844 1697.338425 1689.836663 1678.144288 1661.845880 
244	1492.915165 1470.485780 1431.057972 1385.607270 1697.256675 1689.653058 1678.065142 1662.294745 
242	1492.823209 1470.082504 1430.116887 1385.627998 1697.139700 1689.377061 1677.851150 1662.521729 
240	1492.729459 1469.670811 1429.158796 1385.990767 1696.972882 1688.979988 1677.482491 1662.541381 
238	1492.633869 1469.250467 1428.183547 1386.818197 1696.731504 1688.415477 1676.924365 1662.351834 
236	1492.536390 1468.821228 1427.191021 1388.295428 1696.371565 1687.606998 1676.120327 1661.934495 
234	1492.436972 1468.382846 1426.181143 1390.717730 1695.809005 1686.423267 1674.980211 1661.251025 
232	1492.335563 1467.935061 1425.153884 1394.591609 1694.867240 1684.626796 1673.358237 1660.236785 
230	1492.232111 1467.477608 1424.109275 1400.878821 1693.124331 1681.758336 1671.012232 1658.788978 
228	1492.126561 1467.010209 1423.047415 1411.702938 1689.373356 1676.857511 1667.525610 1656.746002 
226	1492.018854 1466.532581 1421.968487 1433.025889 1679.175401 1667.752567 1662.155804 1653.851936 
224	1491.908935 1466.044427 1420.872773 1488.003987 1642.197917 1649.432493 1653.551724 1649.695958 
222	1491.796739 1465.545443 1419.760670 1611.823514 1567.161647 1613.694678 1639.350328 1643.613485 
220	1491.682205 1465.035316 1418.632716 1674.198163 1588.358407 1569.794732 1616.385503 1634.549674 
218	1491.565268 1464.513720 1417.489616 1688.864341 1637.636274 1561.281335 1584.898315 1620.987546 
216	1491.445860 1463.980321 1416.332269 1693.509613 1664.634577 1590.106081 1557.869626 1601.440109 
214	1491.323913 1463.434771 1415.161816 1695.460552 1677.067942 1623.957377 1553.563465 1576.714194 
212	1491.199352 1462.876713 1413.979678 1696.441462 1683.182742 1647.199221 1572.225465 1553.612594 
210	1491.072104 1462.305779 1412.787622 1696.996962 1686.496577 1660.833970 1599.267966 1543.005396 
208	1490.942091 1461.721589 1411.587827 1697.338698 1688.449282 1668.752932 1622.539499 1549.843270 
206	1490.809232 1461.123753 1410.382972 1697.561814 1689.678273 1673.530247 1638.759712 1569.030233 
204	1490.673445 1460.511865 1409.176349 1697.713882 1690.491831 1676.550677 1649.281649 1591.251356 
202	1490.534643 1459.885510 1407.971998 1697.820657 1691.051070 1678.544311 1656.068150 1610.121809 
200	1490.392739 1459.244262 1406.774886 1697.896960 1691.445743 1679.907767 1660.535136 1623.953235 
198	1490.247637 1458.587683 1405.591127 1697.951698 1691.728450 1680.865638 1663.556831 1633.512543 
196	1490.099243 1457.915320 1404.428274 1697.990382 1691.931206 1681.550328 1665.654696 1640.040049 
194	1489.947455 1457.226714 1403.295699 1698.016442 1692.073943 1682.042563 1667.141735 1644.538069 
192	1489.792173 1456.521394 1402.205101 1698.031942 1692.169077 1682.392727 1668.209484 1647.688352 
190	1489.633287 1455.798875 1401.171184 1698.037974 1692.224030 1682.632472 1668.977549 1649.930090 
188	1489.470686 1455.058668 1400.212589 1698.034854 1692.242591 1682.781209 1669.521619 1651.542926 
186	1489.304254 1454.300272 1399.353202 1698.022164 1692.225582 1682.849721 1669.889478 1652.705524 
184	1489.133871 1453.523181 1398.624008 1697.998690 1692.170991 1682.842040 1670.110193 1653.532544 
182	1488.959413 1452.726885 1398.065821 1697.962193 1692.073620 1682.756125 1670.199296 1654.097124 
180	1488.780749 1451.910869 1397.733372 1697.908962 1691.924145 1682.583525 1670.161409 1654.444318 
178	1488.597745 1451.074620 1397.701710 1697.832975 1691.707253 1682.307916 1669.991032 1654.598892 
176	1488.410259 1450.217627 1398.076538 1697.724307 1691.398178 1681.902038 1669.671651 1654.569434 
174	1488.218146 1449.339388 1399.011839 1697.565934 1690.956176 1681.322039 1669.172937 1654.349797 
172	1488.021255 1448.439415 1400.741649 1697.326958 1690.311648 1680.497069 1668.445181 1653.918178 
170	1487.819427 1447.517231 1403.641879 1696.946652 1689.339092 1679.309720 1667.409239 1653.233596 
168	1487.612498 1446.572397 1408.362769 1696.292214 1687.795542 1677.557596 1665.938548 1652.228825 
166	1487.400298 1445.604502 1416.152938 1695.026570 1685.166538 1674.874202 1663.826526 1650.797828 
164	1487.182648 1444.613183 1429.820811 1692.086857 1680.238387 1670.559355 1660.726594 1648.774183 
162	1486.959363 1443.598137 1457.603032 1682.828740 1669.826532 1663.217097 1656.042544 1645.894479 
160	1486.730250 1442.559142 1534.430830 1640.916978 1645.924192 1650.128915 1648.744982 1641.738162 
158	1486.495108 1441.496067 1657.479513 1599.401997 1605.380064 1627.526171 1637.179468 1635.639074 
156	1486.253729 1440.408910 1687.933502 1645.153911 1595.603762 1598.695829 1619.503291 1626.604785 
154	1486.005893 1439.297816 1694.242384 1672.209502 1625.134353 1586.335303 1596.970576 1613.467464 
152	1485.751375 1438.163121 1696.316859 1682.983226 1651.893249 1601.711600 1579.816634 1596.000293 
150	1485.489936 1437.005399 1697.219311 1687.722560 1666.832370 1626.079879 1580.639285 1577.767829 
148	1485.221333 1435.825515 1697.684391 1690.108004 1674.667046 1644.814925 1597.073827 1567.331741 
146	1484.945305 1434.624697 1697.952337 1691.444802 1678.981457 1656.462618 1616.780051 1571.023597 
144	1484.661588 1433.404627 1698.119207 1692.256887 1681.520765 1663.429605 1632.291521 1585.462563 
142	1484.369904 1432.167549 1698.229138 1692.780980 1683.108105 1667.693610 1642.734301 1602.302127 
140	1484.069958 1430.916410 1698.304563 1693.134848 1684.150656 1670.407814 1649.478064 1616.236673 
138	1483.761454 1429.655042 1698.357781 1693.381729 1684.862405 1672.204741 1653.863560 1626.207558 
136	1483.444074 1428.388388 1698.395927 1693.557670 1685.362346 1673.435284 1656.784847 1632.990471 
134	1483.117492 1427.122797 1698.423316 1693.684168 1685.719881 1674.300398 1658.784361 1637.580095 
132	1482.781368 1425.866415 1698.442618 1693.774450 1685.977031 1674.919217 1660.186371 1640.727567 
130	1482.435349 1424.629700 1698.455488 1693.836749 1686.159854 1675.364520 1661.187068 1642.926965 
128	1482.079068 1423.426095 1698.462903 1693.876087 1686.284599 1675.681684 1661.907451 1644.490606 
126	1481.712145 1422.272966 1698.465353 1693.895269 1686.361096 1675.899108 1662.423358 1645.614930 
124	1481.334186 1421.192875 1698.462916 1693.895379 1686.394624 1676.034050 1662.782552 1646.424243 
122	1480.944783 1420.215368 1698.455288 1693.875982 1686.386859 1676.095895 1663.014508 1646.997490 
120	1480.543516 1419.379541 1698.441722 1693.835054 1686.336181 1676.087826 1663.135997 1647.384254 
118	1480.129953 1418.737795 1698.420896 1693.768632 1686.237423 1676.007417 1663.154085 1647.614152 
116	1479.703648 1418.361501 1698.390642 1693.670060 1686.080970 1675.846264 1663.067419 1647.702175 
114	1479.264147 1418.349816 1698.347444 1693.528580 1685.850926 1675.588576 1662.866083 1647.651345 
112	1478.810985 1418.843976 1698.285476 1693.326653 1685.521726 1675.208255 1662.530022 1647.453376 
110	1478.343695 1420.051565 1698.194649 1693.034807 1685.051779 1674.663537 1662.025558 1647.087473 
108	1477.861804 1422.290243 1698.056350 1692.600939 1684.371272 1673.887179 1661.298935 1646.516994 
106	1477.364839 1426.072511 1697.833119 1691.926446 1683.357347 1672.768154 1660.264839 1645.683021 
104	1476.852338 1432.286817 1697.440101 1690.807200 1681.780308 1671.116226 1658.785876 1644.493129 
102	1476.323848 1442.638732 1696.649510 1688.768340 1679.178847 1668.591241 1656.635592 1642.802187 
100	1475.778942 1460.954023 1694.670165 1684.530660 1674.556259 1664.561722 1653.432771 1640.380310 
98	1475.217227 1498.435641 1687.324936 1674.131122 1665.697720 1657.854803 1648.535890 1636.862861 
96	1474.638356 1599.181006 1647.319325 1648.343517 1648.835909 1646.612100 1640.945562 1631.689911 
94	1474.042053 1683.844930 1650.877525 1630.344684 1627.703180 1630.167075 1629.613634 1624.115889 
92	1473.428131 1694.840222 1678.489479 1652.125963 1627.259862 1616.642953 1615.566899 1613.640622 
90	1472.796525 1697.140201 1687.888078 1670.560451 1645.171803 1619.726270 1605.860355 1601.642702 
88	1472.147333 1697.929699 1691.384720 1679.304272 1660.136676 1634.179781 1608.639300 1593.473636 
86	1471.480861 1698.282114 1692.957145 1683.450000 1668.667826 1647.333831 1620.370756 1594.926913 
84	1470.797691 1698.466374 1693.772626 1685.602695 1673.311460 1655.849489 1632.283609 1604.300751 
82	1470.098764 1698.573393 1694.241101 1686.823898 1675.947830 1660.941505 1640.839097 1615.124020 
80	1469.385483 1698.640364 1694.531206 1687.568657 1677.533511 1664.017675 1646.344855 1623.676905 
78	1468.659859 1698.684637 1694.721254 1688.049572 1678.539917 1665.945400 1649.833857 1629.545749 
76	1467.924686 1698.715117 1694.851139 1688.374262 1679.208351 1667.203526 1652.089050 1633.418233 
74	1467.183789 1698.736710 1694.942684 1688.600998 1679.668817 1668.055593 1653.591431 1635.985192 
72	1466.442333 1698.752279 1695.008499 1688.763084 1679.994852 1668.650620 1654.623232 1637.722914 
70	1465.707258 1698.763548 1695.056169 1688.880378 1680.229811 1669.075720 1655.350657 1638.928956 
68	1464.987840 1698.771587 1695.090368 1688.965054 1680.400063 1669.383395 1655.873448 1639.785164 
66	1464.296472 1698.777053 1695.113986 1689.024660 1680.521937 1669.605983 1656.252689 1640.403133 
64	1463.649730 1698.780332 1695.128745 1689.063778 1680.605494 1669.763558 1656.526298 1640.852061 
62	1463.069846 1698.781610 1695.135536 1689.084956 1680.656639 1669.868318 1656.717740 1641.175066 
60	1462.586789 1698.780914 1695.134595 1689.089185 1680.678270 1669.927055 1656.840986 1641.398663 
58	1462.241234 1698.778116 1695.125548 1689.076114 1680.670847 1669.942483 1656.903287 1641.538218 
56	1462.088859 1698.772913 1695.107364 1689.044012 1680.632527 1669.913797 1656.906622 1641.601016 
54	1462.206718 1698.764778 1695.078185 1688.989502 1680.558921 1669.836658 1656.848205 1641.587772 
52	1462.702849 1698.752854 1695.034978 1688.906969 1680.442373 1669.702567 1656.720196 1641.493025 
50	1463.731186 1698.735766 1694.972880 1688.787427 1680.270557 1669.497441 1656.508567 1641.304517 
48	1465.515371 1698.711246 1694.883960 1688.616420 1680.023879 1669.198984 1656.190754 1641.001420 
46	1468.388158 1698.675377 1694.754751 1688.369971 1679.670651 1668.771903 1655.731478 1640.550967 
44	1472.859565 1698.620937 1694.560998 1688.006362 1679.157806 1668.159207 1655.075394 1639.902648 
42	1479.741255 1698.533289 1694.255329 1687.448137 1678.392141 1667.265905 1654.134289 1638.978608 
40	1490.389819 1698.378713 1693.734642 1686.539240 1677.200558 1665.928310 1652.765332 1637.658662 
38	1507.228084 1698.063328 1692.739134 1684.933350 1675.244292 1663.859024 1650.738344 1635.760887 
36	1535.012036 1697.233942 1690.474388 1681.792708 1671.857794 1660.578774 1647.712106 1633.035377 
34	1584.531448 1693.630120 1684.087056 1675.289543 1666.053307 1655.549491 1643.363743 1629.260870 
