45.1172	4.82987	
45.4102	4.8292	
45.7031	4.82854	4.59052	
45.9961	4.8279	4.68272	
46.2891	4.82726	4.75909	
46.582	4.82663	4.819	
46.875	4.82601	4.86532	
47.168	4.82539	4.90134	
47.4609	4.82479	4.92973	
47.7539	4.82419	4.95242	
48.0469	4.82361	4.97078	
48.3398	4.82303	4.98579	
48.6328	4.82245	4.99815	
48.9258	4.82189	5.00839	
49.2188	4.82134	5.0169	
49.5117	4.82079	5.02399	
49.8047	4.82025	5.02988	
50.0977	4.81971	5.03478	
50.3906	4.81919	5.03881	
50.6836	4.81867	5.04212	
50.9766	4.81816	5.0448	
51.2695	4.81765	5.04694	
51.5625	4.81716	5.0486	
51.8555	4.81667	5.04985	
52.1484	4.81618	5.05073	
52.4414	4.81571	5.0513	
52.7344	4.81524	5.05158	
53.0273	4.81477	5.05161	
53.3203	4.81432	5.05142	
53.6133	4.81386	5.05104	
53.9063	4.81342	5.05048	
54.1992	4.81298	5.04976	
54.4922	4.81255	5.0489	
54.7852	4.81212	5.04792	
55.0781	4.8117	5.04683	
55.3711	4.81129	5.04564	
55.6641	4.81088	5.04436	
55.957	4.81048	5.043	
56.25	4.81008	5.04158	
56.543	4.80969	5.04009	
56.8359	4.8093	5.03854	
57.1289	4.80892	5.03695	
57.4219	4.80854	5.03531	
57.7148	4.80817	5.03363	
58.0078	4.80781	5.03192	
58.3008	4.80744	5.03018	
58.5938	4.80709	5.02842	
58.8867	4.80674	5.02663	
59.1797	4.80639	5.02483	
59.4727	4.80605	5.023	
59.7656	4.80572	5.02117	
60.0586	4.80539	5.01932	
60.3516	4.80506	5.01747	
60.6445	4.80474	5.0156	
60.9375	4.80442	5.01374	
61.2305	4.80411	5.01187	
61.5234	4.8038	5.00999	
61.8164	4.80349	5.00812	
62.1094	4.80319	5.00625	
62.4023	4.8029	5.00438	
62.6953	4.80261	5.00251	
62.9883	4.80232	5.00065	
63.2813	4.80203	4.99879	
63.5742	4.80176	4.99694	
63.8672	4.80148	4.99509	
64.1602	4.80121	4.99325	
64.4531	4.80094	4.99142	
64.7461	4.80068	4.9896	
65.0391	4.80042	4.98779	
65.332	4.80016	4.98598	
65.625	4.79991	4.98419	
65.918	4.79966	4.9824	
66.2109	4.79941	4.98063	
66.5039	4.79917	4.97887	
66.7969	4.79893	4.97711	
67.0898	4.7987	4.97537	
67.3828	4.79847	4.97364	
67.6758	4.79824	4.97192	
67.9688	4.79801	4.97022	
68.2617	4.79779	4.96852	
68.5547	4.79758	4.96684	
68.8477	4.79736	4.96517	
69.1406	4.79715	4.96351	
69.4336	4.79694	4.96187	
69.7266	4.79673	4.96024	
70.0195	4.79653	4.95862	
70.3125	4.79633	4.95701	
70.6055	4.79613	4.95541	
70.8984	4.79594	4.95383	
71.1914	4.79575	4.95226	
71.4844	4.79556	4.9507	
71.7773	4.79538	4.94916	
72.0703	4.7952	4.94762	
72.3633	4.79502	4.9461	
72.6563	4.79484	4.9446	
72.9492	4.79466	4.9431	
73.2422	4.79449	4.94162	
73.5352	4.79432	4.94015	
73.8281	4.79416	4.93869	
74.1211	4.79399	4.93724	
74.4141	4.79383	4.93581	
74.707	4.79367	4.93439	
75	4.79352	4.93298	
75.293	4.79336	4.93158	
75.5859	4.79321	4.93019	4.61258	
75.8789	4.79306	4.92882	4.75309	
76.1719	4.79292	4.92746	4.85025	
76.4648	4.79277	4.9261	4.91607	
76.7578	4.79263	4.92477	4.96251	
77.0508	4.79249	4.92344	4.99678	
77.3438	4.79235	4.92212	5.023	
77.6367	4.79222	4.92081	5.0436	
77.9297	4.79209	4.91952	5.06013	
78.2227	4.79195	4.91824	5.07357	
78.5156	4.79183	4.91696	5.08464	
78.8086	4.7917	4.9157	5.09382	
79.1016	4.79157	4.91445	5.10148	
79.3945	4.79145	4.91321	5.10788	
79.6875	4.79133	4.91198	5.11325	
79.9805	4.79121	4.91076	5.11775	
80.2734	4.7911	4.90956	5.12151	
80.5664	4.79098	4.90836	5.12463	
80.8594	4.79087	4.90717	5.1272	
81.1523	4.79076	4.90599	5.1293	
81.4453	4.79065	4.90482	5.13099	
81.7383	4.79054	4.90367	5.13231	
82.0313	4.79044	4.90252	5.13332	
82.3242	4.79033	4.90138	5.13403	
82.6172	4.79023	4.90025	5.1345	
82.9102	4.79013	4.89913	5.13474	
83.2031	4.79004	4.89803	5.13478	
83.4961	4.78994	4.89693	5.13465	
83.7891	4.78984	4.89584	5.13435	
84.082	4.78975	4.89475	5.1339	
84.375	4.78966	4.89368	5.13332	
84.668	4.78957	4.89262	5.13263	
84.9609	4.78948	4.89157	5.13183	
85.2539	4.7894	4.89052	5.13093	
85.5469	4.78931	4.88948	5.12995	
85.8398	4.78923	4.88846	5.12888	
86.1328	4.78915	4.88744	5.12775	
86.4258	4.78907	4.88643	5.12655	
86.7188	4.78899	4.88543	5.12528	
87.0117	4.78891	4.88443	5.12397	
87.3047	4.78884	4.88345	5.12261	
87.5977	4.78876	4.88247	5.1212	
87.8906	4.78869	4.8815	5.11976	
88.1836	4.78862	4.88054	5.11827	
88.4766	4.78855	4.87959	5.11676	
88.7695	4.78848	4.87865	5.11521	
89.0625	4.78841	4.87771	5.11364	
89.3555	4.78835	4.87678	5.11205	
89.6484	4.78828	4.87586	5.11043	
89.9414	4.78822	4.87495	5.1088	
90.2344	4.78816	4.87404	5.10715	
90.5273	4.7881	4.87314	5.10548	
90.8203	4.78804	4.87225	5.1038	
91.1133	4.78798	4.87137	5.10211	
91.4063	4.78792	4.87049	5.10041	
91.6992	4.78787	4.86962	5.0987	
91.9922	4.78781	4.86876	5.09698	
92.2852	4.78776	4.8679	5.09526	
92.5781	4.78771	4.86706	5.09353	
92.8711	4.78766	4.86621	5.0918	
93.1641	4.78761	4.86538	5.09006	
93.457	4.78756	4.86455	5.08833	
93.75	4.78751	4.86373	5.08659	
94.043	4.78747	4.86292	5.08485	
94.3359	4.78742	4.86211	5.08312	
94.6289	4.78738	4.86131	5.08138	
94.9219	4.78733	4.86052	5.07964	
95.2148	4.78729	4.85973	5.07791	
95.5078	4.78725	4.85895	5.07618	
95.8008	4.78721	4.85817	5.07446	
96.0938	4.78717	4.8574	5.07273	
96.3867	4.78714	4.85664	5.07101	
96.6797	4.7871	4.85588	5.0693	
96.9727	4.78706	4.85513	5.06759	
97.2656	4.78703	4.85439	5.06589	
97.5586	4.78699	4.85365	5.06419	
97.8516	4.78696	4.85292	5.0625	
98.1445	4.78693	4.85219	5.06081	
98.4375	4.7869	4.85147	5.05913	
98.7305	4.78687	4.85076	5.05746	
99.0234	4.78684	4.85005	5.05579	
99.3164	4.78681	4.84934	5.05413	
99.6094	4.78678	4.84864	5.05248	
99.9023	4.78675	4.84795	5.05084	
100.195	4.78673	4.84727	5.0492	
100.488	4.7867	4.84658	5.04757	
100.781	4.78668	4.84591	5.04595	
101.074	4.78665	4.84524	5.04434	
101.367	4.78663	4.84457	5.04273	
101.66	4.78661	4.84391	5.04113	
101.953	4.78659	4.84326	5.03955	
102.246	4.78657	4.84261	5.03796	
102.539	4.78655	4.84196	5.03639	
102.832	4.78653	4.84132	5.03483	
103.125	4.78651	4.84069	5.03327	
103.418	4.78649	4.84006	5.03173	
103.711	4.78647	4.83944	5.03019	
104.004	4.78646	4.83882	5.02866	
104.297	4.78644	4.8382	5.02714	
104.59	4.78643	4.83759	5.02562	
104.883	4.78641	4.83699	5.02412	
105.176	4.7864	4.83639	5.02262	
105.469	4.78639	4.83579	5.02114	
105.762	4.78637	4.8352	5.01966	4.56131	
106.055	4.78636	4.83462	5.01819	4.76576	
106.348	4.78635	4.83403	5.01673	4.88442	
106.641	4.78634	4.83346	5.01528	4.95684	
106.934	4.78633	4.83289	5.01383	5.00527	
107.227	4.78632	4.83232	5.0124	5.03998	
107.52	4.78631	4.83175	5.01097	5.06605	
107.813	4.7863	4.8312	5.00956	5.08632	
108.105	4.7863	4.83064	5.00815	5.10245	
108.398	4.78629	4.83009	5.00675	5.11553	
108.691	4.78628	4.82955	5.00535	5.12629	
108.984	4.78628	4.829	5.00397	5.13521	
109.277	4.78627	4.82847	5.0026	5.14268	
109.57	4.78627	4.82794	5.00123	5.14896	
109.863	4.78626	4.82741	4.99987	5.15425	
110.156	4.78626	4.82688	4.99852	5.15873	
110.449	4.78625	4.82636	4.99718	5.16251	
110.742	4.78625	4.82585	4.99585	5.1657	
111.035	4.78625	4.82533	4.99452	5.16838	
111.328	4.78625	4.82483	4.9932	5.17061	
111.621	4.78625	4.82432	4.9919	5.17246	
111.914	4.78624	4.82382	4.9906	5.17397	
112.207	4.78624	4.82333	4.9893	5.17519	
112.5	4.78624	4.82283	4.98802	5.17613	
112.793	4.78624	4.82235	4.98674	5.17684	
113.086	4.78624	4.82186	4.98547	5.17735	
113.379	4.78625	4.82138	4.98421	5.17766	
113.672	4.78625	4.8209	4.98296	5.1778	
113.965	4.78625	4.82043	4.98171	5.17779	
114.258	4.78625	4.81996	4.98048	5.17764	
114.551	4.78625	4.8195	4.97925	5.17737	
114.844	4.78626	4.81903	4.97803	5.17698	
115.137	4.78626	4.81858	4.97681	5.17649	
115.43	4.78626	4.81812	4.9756	5.17591	
115.723	4.78627	4.81767	4.9744	5.17524	
116.016	4.78627	4.81722	4.97321	5.17449	
116.309	4.78628	4.81678	4.97203	5.17367	
116.602	4.78628	4.81634	4.97085	5.17279	
116.895	4.78629	4.8159	4.96968	5.17184	
117.188	4.78629	4.81547	4.96852	5.17084	
117.48	4.7863	4.81504	4.96736	5.16979	
117.773	4.78631	4.81461	4.96621	5.16869	
118.066	4.78631	4.81419	4.96507	5.16756	
118.359	4.78632	4.81377	4.96394	5.16638	
118.652	4.78633	4.81336	4.96281	5.16516	
118.945	4.78634	4.81294	4.96169	5.16392	
119.238	4.78634	4.81254	4.96058	5.16264	
119.531	4.78635	4.81213	4.95947	5.16134	
119.824	4.78636	4.81173	4.95837	5.16001	
120.117	4.78637	4.81133	4.95727	5.15866	
120.41	4.78638	4.81093	4.95619	5.15729	
120.703	4.78639	4.81054	4.95511	5.1559	
120.996	4.7864	4.81015	4.95403	5.15449	
121.289	4.78641	4.80976	4.95297	5.15307	
121.582	4.78642	4.80938	4.95191	5.15163	
121.875	4.78643	4.809	4.95085	5.15017	
122.168	4.78644	4.80862	4.9498	5.14871	
122.461	4.78645	4.80825	4.94876	5.14724	
122.754	4.78646	4.80788	4.94773	5.14575	
123.047	4.78647	4.80751	4.9467	5.14426	
123.34	4.78649	4.80714	4.94567	5.14276	
123.633	4.7865	4.80678	4.94466	5.14125	
123.926	4.78651	4.80642	4.94365	5.13974	
124.219	4.78652	4.80607	4.94264	5.13823	
124.512	4.78653	4.80572	4.94164	5.1367	
124.805	4.78655	4.80537	4.94065	5.13518	
125.098	4.78656	4.80502	4.93966	5.13365	
125.391	4.78657	4.80467	4.93868	5.13212	
125.684	4.78659	4.80433	4.93771	5.13059	
125.977	4.7866	4.804	4.93674	5.12906	
126.27	4.78661	4.80366	4.93577	5.12752	
126.563	4.78663	4.80333	4.93481	5.12599	
126.855	4.78664	4.803	4.93386	5.12446	
127.148	4.78665	4.80267	4.93291	5.12292	
127.441	4.78667	4.80235	4.93197	5.12139	
127.734	4.78668	4.80202	4.93104	5.11986	
128.027	4.7867	4.80171	4.9301	5.11833	
128.32	4.78671	4.80139	4.92918	5.1168	
128.613	4.78673	4.80108	4.92826	5.11528	
128.906	4.78674	4.80077	4.92734	5.11376	
129.199	4.78676	4.80046	4.92643	5.11224	
129.492	4.78677	4.80015	4.92553	5.11072	
129.785	4.78679	4.79985	4.92463	5.10921	
130.078	4.7868	4.79955	4.92374	5.1077	
130.371	4.78682	4.79925	4.92285	5.1062	
130.664	4.78684	4.79896	4.92196	5.1047	
130.957	4.78685	4.79867	4.92108	5.1032	
131.25	4.78687	4.79838	4.92021	5.10171	
131.543	4.78688	4.79809	4.91934	5.10022	
131.836	4.7869	4.79781	4.91848	5.09873	
132.129	4.78692	4.79753	4.91762	5.09726	
132.422	4.78693	4.79725	4.91676	5.09578	
132.715	4.78695	4.79697	4.91591	5.09431	
133.008	4.78697	4.79669	4.91507	5.09285	
133.301	4.78698	4.79642	4.91422	5.09139	
133.594	4.787	4.79615	4.91339	5.08994	
133.887	4.78702	4.79589	4.91256	5.08849	
134.18	4.78703	4.79562	4.91173	5.08705	
134.473	4.78705	4.79536	4.91091	5.08561	
134.766	4.78707	4.7951	4.91009	5.08418	
135.059	4.78708	4.79484	4.90928	5.08276	
135.352	4.7871	4.79459	4.90847	5.08134	
135.645	4.78712	4.79434	4.90766	5.07992	4.47893	
135.938	4.78714	4.79409	4.90686	5.07852	4.75895	
136.23	4.78715	4.79384	4.90606	5.07711	4.89981	
136.523	4.78717	4.79359	4.90527	5.07572	4.97995	
136.816	4.78719	4.79335	4.90449	5.07433	5.03175	
137.109	4.78721	4.79311	4.9037	5.07294	5.06812	
137.402	4.78722	4.79287	4.90292	5.07157	5.09506	
137.695	4.78724	4.79263	4.90215	5.0702	5.11581	
137.988	4.78726	4.7924	4.90138	5.06883	5.13221	
138.281	4.78728	4.79217	4.90061	5.06747	5.14546	
138.574	4.78729	4.79194	4.89985	5.06612	5.15632	
138.867	4.78731	4.79171	4.89909	5.06477	5.16533	
139.16	4.78733	4.79148	4.89833	5.06343	5.17287	
139.453	4.78735	4.79126	4.89758	5.0621	5.17922	
139.746	4.78737	4.79104	4.89683	5.06077	5.1846	
140.039	4.78738	4.79082	4.89609	5.05945	5.18917	
140.332	4.7874	4.79061	4.89535	5.05813	5.19306	
140.625	4.78742	4.79039	4.89462	5.05682	5.19637	
140.918	4.78744	4.79018	4.89388	5.05552	5.19918	
141.211	4.78746	4.78997	4.89315	5.05422	5.20156	
141.504	4.78748	4.78976	4.89243	5.05293	5.20357	
141.797	4.78749	4.78956	4.89171	5.05165	5.20525	
142.09	4.78751	4.78935	4.89099	5.05037	5.20663	
142.383	4.78753	4.78915	4.89028	5.0491	5.20777	
142.676	4.78755	4.78895	4.88957	5.04784	5.20867	
142.969	4.78757	4.78875	4.88886	5.04658	5.20937	
143.262	4.78758	4.78856	4.88816	5.04532	5.20989	
143.555	4.7876	4.78836	4.88746	5.04408	5.21024	
143.848	4.78762	4.78817	4.88676	5.04284	5.21044	
144.141	4.78764	4.78798	4.88607	5.0416	5.21051	
144.434	4.78766	4.7878	4.88538	5.04037	5.21046	
144.727	4.78768	4.78761	4.8847	5.03915	5.2103	
145.02	4.78769	4.78743	4.88402	5.03794	5.21004	
145.313	4.78771	4.78724	4.88334	5.03673	5.20968	
145.605	4.78773	4.78707	4.88266	5.03552	5.20924	
145.898	4.78775	4.78689	4.88199	5.03433	5.20873	
146.191	4.78777	4.78671	4.88132	5.03313	5.20814	
146.484	4.78779	4.78654	4.88065	5.03195	5.20748	
146.777	4.7878	4.78637	4.87999	5.03077	5.20677	
147.07	4.78782	4.7862	4.87933	5.0296	5.206	
147.363	4.78784	4.78603	4.87868	5.02843	5.20519	
147.656	4.78786	4.78586	4.87802	5.02727	5.20432	
147.949	4.78788	4.7857	4.87737	5.02611	5.20341	
148.242	4.78789	4.78554	4.87673	5.02496	5.20246	
148.535	4.78791	4.78538	4.87608	5.02382	5.20148	
148.828	4.78793	4.78522	4.87544	5.02268	5.20046	
149.121	4.78795	4.78506	4.87481	5.02155	5.19941	
149.414	4.78797	4.7849	4.87417	5.02042	5.19833	
149.707	4.78799	4.78475	4.87354	5.0193	5.19722	
150	4.788	4.7846	4.87291	5.01819	5.19609	
150.293	4.78802	4.78445	4.87229	5.01708	5.19493	
150.586	4.78804	4.7843	4.87166	5.01597	5.19375	
150.879	4.78806	4.78416	4.87104	5.01488	5.19256	
151.172	4.78808	4.78401	4.87043	5.01378	5.19134	
151.465	4.78809	4.78387	4.86981	5.0127	5.19011	
151.758	4.78811	4.78373	4.8692	5.01162	5.18887	
152.051	4.78813	4.78359	4.86859	5.01054	5.1876	
152.344	4.78815	4.78345	4.86799	5.00947	5.18633	
152.637	4.78816	4.78332	4.86738	5.00841	5.18504	
152.93	4.78818	4.78318	4.86678	5.00735	5.18375	
153.223	4.7882	4.78305	4.86619	5.00629	5.18244	
153.516	4.78822	4.78292	4.86559	5.00525	5.18112	
153.809	4.78824	4.78279	4.865	5.0042	5.1798	
154.102	4.78825	4.78266	4.86441	5.00317	5.17847	
154.395	4.78827	4.78254	4.86382	5.00213	5.17713	
154.688	4.78829	4.78241	4.86324	5.00111	5.17578	
154.98	4.78831	4.78229	4.86266	5.00008	5.17443	
155.273	4.78832	4.78217	4.86208	4.99907	5.17307	
155.566	4.78834	4.78205	4.8615	4.99806	5.17171	
155.859	4.78836	4.78194	4.86093	4.99705	5.17035	
156.152	4.78838	4.78182	4.86036	4.99605	5.16898	
156.445	4.78839	4.78171	4.85979	4.99505	5.16761	
156.738	4.78841	4.78159	4.85922	4.99406	5.16623	
157.031	4.78843	4.78148	4.85866	4.99308	5.16486	
157.324	4.78844	4.78137	4.8581	4.9921	5.16348	
157.617	4.78846	4.78127	4.85754	4.99112	5.1621	
157.91	4.78848	4.78116	4.85698	4.99015	5.16072	
158.203	4.7885	4.78105	4.85643	4.98919	5.15934	
158.496	4.78851	4.78095	4.85587	4.98823	5.15796	
158.789	4.78853	4.78085	4.85533	4.98727	5.15658	
159.082	4.78855	4.78075	4.85478	4.98632	5.1552	
159.375	4.78856	4.78065	4.85423	4.98537	5.15382	
159.668	4.78858	4.78055	4.85369	4.98443	5.15244	
159.961	4.7886	4.78046	4.85315	4.9835	5.15107	
160.254	4.78861	4.78036	4.85261	4.98256	5.14969	
160.547	4.78863	4.78027	4.85208	4.98164	5.14831	
160.84	4.78865	4.78018	4.85155	4.98071	5.14694	
161.133	4.78866	4.78009	4.85102	4.9798	5.14557	
161.426	4.78868	4.78	4.85049	4.97888	5.1442	
161.719	4.7887	4.77992	4.84996	4.97797	5.14283	
162.012	4.78871	4.77983	4.84944	4.97707	5.14147	
162.305	4.78873	4.77975	4.84891	4.97617	5.1401	
162.598	4.78875	4.77966	4.84839	4.97528	5.13874	
162.891	4.78876	4.77958	4.84788	4.97439	5.13739	
163.184	4.78878	4.7795	4.84736	4.9735	5.13603	
163.477	4.78879	4.77942	4.84685	4.97262	5.13468	
163.77	4.78881	4.77935	4.84634	4.97174	5.13333	
164.063	4.78883	4.77927	4.84583	4.97087	5.13199	
164.355	4.78884	4.7792	4.84532	4.97	5.13065	
164.648	4.78886	4.77912	4.84482	4.96914	5.12931	
164.941	4.78887	4.77905	4.84431	4.96828	5.12798	
165.234	4.78889	4.77898	4.84381	4.96742	5.12665	
165.527	4.78891	4.77891	4.84331	4.96657	5.12532	4.40331	
165.82	4.78892	4.77885	4.84282	4.96572	5.124	4.74942	
166.113	4.78894	4.77878	4.84232	4.96488	5.12268	4.90592	
166.406	4.78895	4.77872	4.84183	4.96404	5.12136	4.9915	
166.699	4.78897	4.77865	4.84134	4.96321	5.12005	5.04597	
166.992	4.78898	4.77859	4.84085	4.96238	5.11874	5.0839	
167.285	4.789	4.77853	4.84036	4.96155	5.11744	5.11188	
167.578	4.78901	4.77847	4.83988	4.96073	5.11614	5.13335	
167.871	4.78903	4.77841	4.8394	4.95991	5.11485	5.1503	
168.164	4.78904	4.77835	4.83891	4.9591	5.11356	5.16397	
168.457	4.78906	4.7783	4.83844	4.95829	5.11227	5.17518	
168.75	4.78907	4.77824	4.83796	4.95748	5.11099	5.18449	
169.043	4.78909	4.77819	4.83748	4.95668	5.10971	5.1923	
169.336	4.7891	4.77814	4.83701	4.95588	5.10844	5.1989	
169.629	4.78912	4.77809	4.83654	4.95509	5.10717	5.20452	
169.922	4.78913	4.77804	4.83607	4.9543	5.10591	5.20931	
170.215	4.78915	4.77799	4.8356	4.95351	5.10465	5.21341	
170.508	4.78916	4.77794	4.83514	4.95273	5.10339	5.21693	
170.801	4.78918	4.77789	4.83467	4.95195	5.10214	5.21995	
171.094	4.78919	4.77785	4.83421	4.95117	5.1009	5.22254	
171.387	4.78921	4.7778	4.83375	4.9504	5.09966	5.22475	
171.68	4.78922	4.77776	4.83329	4.94963	5.09842	5.22664	
171.973	4.78924	4.77772	4.83284	4.94887	5.09719	5.22823	
172.266	4.78925	4.77768	4.83238	4.94811	5.09596	5.22957	
172.559	4.78926	4.77764	4.83193	4.94735	5.09474	5.23068	
172.852	4.78928	4.7776	4.83148	4.9466	5.09352	5.23159	
173.145	4.78929	4.77757	4.83103	4.94585	5.09231	5.23232	
173.438	4.78931	4.77753	4.83058	4.9451	5.0911	5.23288	
173.73	4.78932	4.7775	4.83013	4.94436	5.0899	5.23329	
174.023	4.78933	4.77746	4.82969	4.94362	5.0887	5.23357	
174.316	4.78935	4.77743	4.82925	4.94289	5.0875	5.23373	
174.609	4.78936	4.7774	4.82881	4.94215	5.08631	5.23378	
174.902	4.78938	4.77737	4.82837	4.94143	5.08513	5.23373	
175.195	4.78939	4.77734	4.82793	4.9407	5.08395	5.23358	
175.488	4.7894	4.77731	4.82749	4.93998	5.08277	5.23336	
175.781	4.78942	4.77728	4.82706	4.93926	5.0816	5.23305	
176.074	4.78943	4.77726	4.82663	4.93855	5.08043	5.23267	
176.367	4.78944	4.77723	4.8262	4.93784	5.07927	5.23223	
176.66	4.78946	4.77721	4.82577	4.93713	5.07812	5.23172	
176.953	4.78947	4.77718	4.82534	4.93642	5.07696	5.23116	
177.246	4.78948	4.77716	4.82491	4.93572	5.07582	5.23055	
177.539	4.7895	4.77714	4.82449	4.93503	5.07467	5.22989	
177.832	4.78951	4.77712	4.82407	4.93433	5.07354	5.22919	
178.125	4.78952	4.7771	4.82365	4.93364	5.0724	5.22844	
178.418	4.78954	4.77708	4.82323	4.93295	5.07127	5.22766	
178.711	4.78955	4.77707	4.82281	4.93227	5.07015	5.22684	
179.004	4.78956	4.77705	4.82239	4.93158	5.06903	5.22599	
179.297	4.78957	4.77703	4.82198	4.93091	5.06792	5.2251	
179.59	4.78959	4.77702	4.82157	4.93023	5.0668	5.22419	
179.883	4.7896	4.77701	4.82116	4.92956	5.0657	5.22326	
180.176	4.78961	4.77699	4.82075	4.92889	5.0646	5.22229	
180.469	4.78963	4.77698	4.82034	4.92822	5.0635	5.22131	
180.762	4.78964	4.77697	4.81993	4.92756	5.06241	5.2203	
181.055	4.78965	4.77696	4.81953	4.9269	5.06132	5.21928	
181.348	4.78966	4.77695	4.81912	4.92624	5.06024	5.21823	
181.641	4.78968	4.77695	4.81872	4.92559	5.05916	5.21717	
181.934	4.78969	4.77694	4.81832	4.92494	5.05809	5.2161	
182.227	4.7897	4.77693	4.81792	4.92429	5.05702	5.215	
182.52	4.78971	4.77693	4.81753	4.92365	5.05595	5.2139	
182.813	4.78972	4.77692	4.81713	4.923	5.05489	5.21278	
183.105	4.78974	4.77692	4.81674	4.92236	5.05384	5.21165	
183.398	4.78975	4.77692	4.81634	4.92173	5.05279	5.21051	
183.691	4.78976	4.77692	4.81595	4.92109	5.05174	5.20935	
183.984	4.78977	4.77692	4.81556	4.92046	5.0507	5.20819	
184.277	4.78978	4.77692	4.81517	4.91984	5.04966	5.20702	
184.57	4.7898	4.77692	4.81479	4.91921	5.04862	5.20584	
184.863	4.78981	4.77692	4.8144	4.91859	5.0476	5.20466	
185.156	4.78982	4.77692	4.81402	4.91797	5.04657	5.20347	
185.449	4.78983	4.77692	4.81364	4.91735	5.04555	5.20227	
185.742	4.78984	4.77693	4.81326	4.91674	5.04453	5.20106	
186.035	4.78985	4.77693	4.81288	4.91613	5.04352	5.19985	
186.328	4.78986	4.77694	4.8125	4.91552	5.04251	5.19864	
186.621	4.78988	4.77694	4.81212	4.91492	5.04151	5.19742	
186.914	4.78989	4.77695	4.81175	4.91431	5.04051	5.1962	
187.207	4.7899	4.77696	4.81138	4.91371	5.03952	5.19497	
187.5	4.78991	4.77697	4.811	4.91312	5.03852	5.19374	
187.793	4.78992	4.77698	4.81063	4.91252	5.03754	5.19251	
188.086	4.78993	4.77699	4.81026	4.91193	5.03655	5.19127	
188.379	4.78994	4.777	4.8099	4.91134	5.03558	5.19004	
188.672	4.78995	4.77701	4.80953	4.91075	5.0346	5.1888	
188.965	4.78996	4.77702	4.80917	4.91017	5.03363	5.18756	
189.258	4.78997	4.77704	4.8088	4.90959	5.03267	5.18631	
189.551	4.78999	4.77705	4.80844	4.90901	5.0317	5.18507	
189.844	4.79	4.77706	4.80808	4.90843	5.03075	5.18383	
190.137	4.79001	4.77708	4.80772	4.90786	5.02979	5.18259	
190.43	4.79002	4.77709	4.80736	4.90728	5.02884	5.18134	
190.723	4.79003	4.77711	4.80701	4.90671	5.0279	5.1801	
191.016	4.79004	4.77713	4.80665	4.90615	5.02696	5.17885	
191.309	4.79005	4.77715	4.8063	4.90558	5.02602	5.17761	
191.602	4.79006	4.77716	4.80595	4.90502	5.02508	5.17637	
191.895	4.79007	4.77718	4.8056	4.90446	5.02415	5.17512	
192.188	4.79008	4.7772	4.80525	4.90391	5.02323	5.17388	
192.48	4.79009	4.77722	4.8049	4.90335	5.02231	5.17264	
192.773	4.7901	4.77724	4.80455	4.9028	5.02139	5.1714	
193.066	4.79011	4.77727	4.80421	4.90225	5.02047	5.17016	
193.359	4.79012	4.77729	4.80386	4.9017	5.01956	5.16893	
193.652	4.79013	4.77731	4.80352	4.90116	5.01866	5.16769	
193.945	4.79014	4.77733	4.80318	4.90061	5.01775	5.16646	
194.238	4.79015	4.77736	4.80284	4.90007	5.01685	5.16523	
194.531	4.79016	4.77738	4.8025	4.89953	5.01596	5.164	
194.824	4.79017	4.77741	4.80217	4.899	5.01507	5.16277	
195.117	4.79018	4.77743	4.80183	4.89846	5.01418	5.16154	
195.41	4.79019	4.77746	4.8015	4.89793	5.0133	5.16032	4.37353	
195.703	4.7902	4.77749	4.80116	4.8974	5.01242	5.1591	4.75854	
195.996	4.79021	4.77751	4.80083	4.89688	5.01154	5.15788	4.91796	
196.289	4.79022	4.77754	4.8005	4.89635	5.01067	5.15666	5.00361	
196.582	4.79023	4.77757	4.80017	4.89583	5.0098	5.15545	5.05801	
196.875	4.79024	4.7776	4.79985	4.89531	5.00893	5.15424	5.09592	
197.168	4.79024	4.77763	4.79952	4.89479	5.00807	5.15303	5.12395	
197.461	4.79025	4.77766	4.7992	4.89428	5.00721	5.15182	5.14551	
197.754	4.79026	4.77769	4.79887	4.89376	5.00635	5.15062	5.16258	
198.047	4.79027	4.77772	4.79855	4.89325	5.0055	5.14942	5.1764	
198.34	4.79028	4.77775	4.79823	4.89274	5.00466	5.14822	5.18776	
198.633	4.79029	4.77778	4.79791	4.89223	5.00381	5.14703	5.19724	
198.926	4.7903	4.77781	4.79759	4.89173	5.00297	5.14583	5.20522	
199.219	4.79031	4.77785	4.79727	4.89122	5.00213	5.14465	5.21199	
199.512	4.79032	4.77788	4.79696	4.89072	5.0013	5.14346	5.21778	
199.805	4.79033	4.77791	4.79665	4.89022	5.00047	5.14228	5.22276	
200.098	4.79033	4.77795	4.79633	4.88973	4.99964	5.1411	5.22704	
200.391	4.79034	4.77798	4.79602	4.88923	4.99882	5.13992	5.23074	
200.684	4.79035	4.77802	4.79571	4.88874	4.998	5.13875	5.23395	
200.977	4.79036	4.77805	4.7954	4.88825	4.99718	5.13758	5.23672	
201.27	4.79037	4.77809	4.79509	4.88776	4.99637	5.13642	5.23912	
201.563	4.79038	4.77813	4.79479	4.88727	4.99556	5.13525	5.24118	
201.855	4.79039	4.77816	4.79448	4.88679	4.99475	5.13409	5.24297	
202.148	4.79039	4.7782	4.79418	4.8863	4.99395	5.13294	5.24449	
202.441	4.7904	4.77824	4.79388	4.88582	4.99315	5.13179	5.24579	
202.734	4.79041	4.77828	4.79358	4.88534	4.99235	5.13064	5.24688	
203.027	4.79042	4.77831	4.79328	4.88486	4.99156	5.12949	5.2478	
203.32	4.79043	4.77835	4.79298	4.88439	4.99076	5.12835	5.24854	
203.613	4.79044	4.77839	4.79268	4.88392	4.98998	5.12721	5.24914	
203.906	4.79044	4.77843	4.79239	4.88344	4.98919	5.12608	5.24961	
204.199	4.79045	4.77847	4.79209	4.88297	4.98841	5.12494	5.24996	
204.492	4.79046	4.77851	4.7918	4.88251	4.98763	5.12382	5.25019	
204.785	4.79047	4.77855	4.79151	4.88204	4.98686	5.12269	5.25032	
205.078	4.79048	4.77859	4.79122	4.88158	4.98609	5.12157	5.25036	
205.371	4.79048	4.77863	4.79093	4.88111	4.98532	5.12046	5.25031	
205.664	4.79049	4.77868	4.79064	4.88065	4.98456	5.11934	5.25019	
205.957	4.7905	4.77872	4.79035	4.88019	4.98379	5.11823	5.24999	
206.25	4.79051	4.77876	4.79007	4.87974	4.98303	5.11713	5.24973	
206.543	4.79051	4.7788	4.78978	4.87928	4.98228	5.11602	5.24941	
206.836	4.79052	4.77885	4.7895	4.87883	4.98153	5.11492	5.24902	
207.129	4.79053	4.77889	4.78922	4.87838	4.98078	5.11383	5.24859	
207.422	4.79054	4.77893	4.78894	4.87793	4.98003	5.11274	5.24811	
207.715	4.79054	4.77898	4.78866	4.87748	4.97929	5.11165	5.24758	
208.008	4.79055	4.77902	4.78838	4.87703	4.97854	5.11057	5.24701	
208.301	4.79056	4.77906	4.78811	4.87659	4.97781	5.10949	5.2464	
208.594	4.79057	4.77911	4.78783	4.87614	4.97707	5.10841	5.24575	
208.887	4.79057	4.77915	4.78756	4.8757	4.97634	5.10734	5.24507	
209.18	4.79058	4.7792	4.78729	4.87526	4.97561	5.10627	5.24436	
209.473	4.79059	4.77924	4.78701	4.87483	4.97488	5.1052	5.24362	
209.766	4.7906	4.77929	4.78674	4.87439	4.97416	5.10414	5.24285	
210.059	4.7906	4.77934	4.78648	4.87396	4.97344	5.10308	5.24206	
210.352	4.79061	4.77938	4.78621	4.87352	4.97272	5.10203	5.24124	
210.645	4.79062	4.77943	4.78594	4.87309	4.97201	5.10098	5.2404	
210.938	4.79062	4.77947	4.78568	4.87266	4.9713	5.09993	5.23954	
211.23	4.79063	4.77952	4.78541	4.87223	4.97059	5.09888	5.23865	
211.523	4.79064	4.77957	4.78515	4.87181	4.96988	5.09784	5.23775	
211.816	4.79065	4.77962	4.78489	4.87138	4.96918	5.09681	5.23683	
212.109	4.79065	4.77966	4.78463	4.87096	4.96848	5.09577	5.2359	
212.402	4.79066	4.77971	4.78437	4.87054	4.96778	5.09475	5.23495	
212.695	4.79067	4.77976	4.78411	4.87012	4.96708	5.09372	5.23399	
212.988	4.79067	4.77981	4.78386	4.8697	4.96639	5.0927	5.23301	
213.281	4.79068	4.77986	4.7836	4.86928	4.9657	5.09168	5.23202	
213.574	4.79069	4.7799	4.78335	4.86887	4.96501	5.09067	5.23102	
213.867	4.79069	4.77995	4.7831	4.86845	4.96433	5.08966	5.23001	
214.16	4.7907	4.78	4.78285	4.86804	4.96365	5.08865	5.22899	
214.453	4.79071	4.78005	4.7826	4.86763	4.96297	5.08764	5.22796	
214.746	4.79071	4.7801	4.78235	4.86722	4.96229	5.08664	5.22692	
215.039	4.79072	4.78015	4.7821	4.86681	4.96162	5.08565	5.22587	
215.332	4.79073	4.7802	4.78186	4.86641	4.96095	5.08466	5.22481	
215.625	4.79073	4.78025	4.78161	4.866	4.96028	5.08367	5.22375	
215.918	4.79074	4.7803	4.78137	4.8656	4.95961	5.08268	5.22268	
216.211	4.79074	4.78035	4.78113	4.8652	4.95895	5.0817	5.2216	
216.504	4.79075	4.7804	4.78089	4.8648	4.95829	5.08072	5.22052	
216.797	4.79076	4.78045	4.78065	4.8644	4.95763	5.07974	5.21944	
217.09	4.79076	4.7805	4.78041	4.864	4.95698	5.07877	5.21834	
217.383	4.79077	4.78055	4.78017	4.8636	4.95632	5.0778	5.21725	
217.676	4.79078	4.7806	4.77994	4.86321	4.95567	5.07684	5.21615	
217.969	4.79078	4.78065	4.7797	4.86282	4.95502	5.07588	5.21504	
218.262	4.79079	4.7807	4.77947	4.86242	4.95438	5.07492	5.21394	
218.555	4.79079	4.78075	4.77924	4.86203	4.95373	5.07397	5.21282	
218.848	4.7908	4.7808	4.77901	4.86164	4.95309	5.07302	5.21171	
219.141	4.79081	4.78085	4.77878	4.86126	4.95246	5.07207	5.2106	
219.434	4.79081	4.7809	4.77855	4.86087	4.95182	5.07113	5.20948	
219.727	4.79082	4.78095	4.77832	4.86048	4.95119	5.07019	5.20836	
220.02	4.79082	4.78101	4.7781	4.8601	4.95055	5.06925	5.20723	
220.313	4.79083	4.78106	4.77787	4.85972	4.94993	5.06832	5.20611	
220.605	4.79083	4.78111	4.77765	4.85934	4.9493	5.06739	5.20498	
220.898	4.79084	4.78116	4.77743	4.85896	4.94868	5.06646	5.20386	
221.191	4.79085	4.78121	4.77721	4.85858	4.94805	5.06554	5.20273	
221.484	4.79085	4.78126	4.77699	4.8582	4.94743	5.06462	5.2016	
221.777	4.79086	4.78132	4.77677	4.85783	4.94682	5.0637	5.20047	
222.07	4.79086	4.78137	4.77655	4.85745	4.9462	5.06279	5.19934	
222.363	4.79087	4.78142	4.77634	4.85708	4.94559	5.06188	5.19822	
222.656	4.79087	4.78147	4.77612	4.85671	4.94498	5.06097	5.19709	
222.949	4.79088	4.78152	4.77591	4.85634	4.94437	5.06007	5.19596	
223.242	4.79088	4.78157	4.7757	4.85597	4.94377	5.05917	5.19483	
223.535	4.79089	4.78163	4.77549	4.8556	4.94316	5.05827	5.1937	
223.828	4.79089	4.78168	4.77528	4.85523	4.94256	5.05738	5.19257	
224.121	4.7909	4.78173	4.77507	4.85486	4.94197	5.05649	5.19144	
224.414	4.79091	4.78178	4.77486	4.8545	4.94137	5.0556	5.19031	
224.707	4.79091	4.78184	4.77466	4.85414	4.94077	5.05472	5.18919	
225	4.79092	4.78189	4.77445	4.85377	4.94018	5.05384	5.18806	
225.293	4.79092	4.78194	4.77425	4.85341	4.93959	5.05296	5.18694	4.74564	
225.586	4.79093	4.78199	4.77405	4.85305	4.93901	5.05209	5.18581	4.92026	
225.879	4.79093	4.78204	4.77385	4.8527	4.93842	5.05122	5.18469	5.00998	
226.172	4.79094	4.7821	4.77365	4.85234	4.93784	5.05035	5.18357	5.06599	
226.465	4.79094	4.78215	4.77345	4.85198	4.93726	5.04948	5.18245	5.10473	
226.758	4.79095	4.7822	4.77325	4.85163	4.93668	5.04862	5.18133	5.13327	
227.051	4.79095	4.78225	4.77305	4.85127	4.9361	5.04777	5.18022	5.15521	
227.344	4.79096	4.7823	4.77286	4.85092	4.93552	5.04691	5.1791	5.17258	
227.637	4.79096	4.78236	4.77267	4.85057	4.93495	5.04606	5.17799	5.18666	
227.93	4.79097	4.78241	4.77247	4.85022	4.93438	5.04521	5.17688	5.19827	
228.223	4.79097	4.78246	4.77228	4.84987	4.93381	5.04436	5.17577	5.20797	
228.516	4.79098	4.78251	4.77209	4.84952	4.93325	5.04352	5.17466	5.21617	
228.809	4.79098	4.78256	4.77191	4.84917	4.93268	5.04268	5.17356	5.22315	
229.102	4.79099	4.78262	4.77172	4.84883	4.93212	5.04185	5.17245	5.22914	
229.395	4.79099	4.78267	4.77153	4.84848	4.93156	5.04101	5.17135	5.23431	
229.688	4.79099	4.78272	4.77135	4.84814	4.931	5.04018	5.17025	5.23879	
229.98	4.791	4.78277	4.77117	4.8478	4.93045	5.03936	5.16915	5.24268	
230.273	4.791	4.78282	4.77098	4.84745	4.92989	5.03853	5.16806	5.24607	
230.566	4.79101	4.78288	4.7708	4.84711	4.92934	5.03771	5.16697	5.24902	
230.859	4.79101	4.78293	4.77062	4.84677	4.92879	5.03689	5.16588	5.2516	
231.152	4.79102	4.78298	4.77044	4.84644	4.92824	5.03608	5.16479	5.25385	
231.445	4.79102	4.78303	4.77027	4.8461	4.9277	5.03526	5.1637	5.25581	
231.738	4.79103	4.78308	4.77009	4.84576	4.92715	5.03445	5.16262	5.25751	
232.031	4.79103	4.78313	4.76992	4.84543	4.92661	5.03365	5.16154	5.25898	
232.324	4.79104	4.78319	4.76974	4.84509	4.92607	5.03284	5.16046	5.26024	
232.617	4.79104	4.78324	4.76957	4.84476	4.92553	5.03204	5.15938	5.26132	
232.91	4.79104	4.78329	4.7694	4.84443	4.92499	5.03125	5.15831	5.26224	
233.203	4.79105	4.78334	4.76923	4.8441	4.92446	5.03045	5.15724	5.26301	
233.496	4.79105	4.78339	4.76906	4.84377	4.92393	5.02966	5.15617	5.26364	
233.789	4.79106	4.78344	4.76889	4.84344	4.9234	5.02887	5.1551	5.26415	
234.082	4.79106	4.78349	4.76873	4.84311	4.92287	5.02808	5.15404	5.26454	
234.375	4.79107	4.78354	4.76856	4.84278	4.92234	5.0273	5.15298	5.26483	
234.668	4.79107	4.7836	4.7684	4.84245	4.92182	5.02652	5.15192	5.26503	
234.961	4.79107	4.78365	4.76823	4.84213	4.92129	5.02574	5.15087	5.26514	
235.254	4.79108	4.7837	4.76807	4.8418	4.92077	5.02497	5.14982	5.26518	
235.547	4.79108	4.78375	4.76791	4.84148	4.92025	5.02419	5.14877	5.26514	
235.84	4.79109	4.7838	4.76775	4.84116	4.91973	5.02342	5.14772	5.26503	
236.133	4.79109	4.78385	4.7676	4.84084	4.91922	5.02266	5.14668	5.26486	
236.426	4.79109	4.7839	4.76744	4.84052	4.9187	5.02189	5.14564	5.26463	
236.719	4.7911	4.78395	4.76728	4.8402	4.91819	5.02113	5.1446	5.26434	
237.012	4.7911	4.784	4.76713	4.83988	4.91768	5.02037	5.14356	5.26401	
237.305	4.79111	4.78405	4.76698	4.83956	4.91717	5.01962	5.14253	5.26363	
237.598	4.79111	4.7841	4.76683	4.83924	4.91667	5.01886	5.1415	5.26321	
237.891	4.79111	4.78415	4.76668	4.83893	4.91616	5.01811	5.14047	5.26274	
238.184	4.79112	4.7842	4.76653	4.83861	4.91566	5.01737	5.13945	5.26224	
238.477	4.79112	4.78425	4.76638	4.8383	4.91516	5.01662	5.13843	5.2617	
238.77	4.79113	4.7843	4.76623	4.83798	4.91466	5.01588	5.13741	5.26113	
239.063	4.79113	4.78435	4.76609	4.83767	4.91416	5.01514	5.13639	5.26053	
239.355	4.79113	4.7844	4.76594	4.83736	4.91366	5.0144	5.13538	5.25991	
239.648	4.79114	4.78445	4.7658	4.83705	4.91317	5.01367	5.13437	5.25925	
239.941	4.79114	4.7845	4.76566	4.83674	4.91267	5.01293	5.13336	5.25857	
240.234	4.79114	4.78454	4.76552	4.83643	4.91218	5.0122	5.13236	5.25786	
240.527	4.79115	4.78459	4.76538	4.83612	4.91169	5.01148	5.13136	5.25714	
240.82	4.79115	4.78464	4.76524	4.83581	4.91121	5.01075	5.13036	5.25639	
241.113	4.79116	4.78469	4.7651	4.83551	4.91072	5.01003	5.12937	5.25562	
241.406	4.79116	4.78474	4.76496	4.8352	4.91023	5.00931	5.12838	5.25483	
241.699	4.79116	4.78479	4.76483	4.83489	4.90975	5.0086	5.12739	5.25403	
241.992	4.79117	4.78484	4.7647	4.83459	4.90927	5.00788	5.1264	5.25321	
242.285	4.79117	4.78488	4.76456	4.83429	4.90879	5.00717	5.12542	5.25238	
242.578	4.79117	4.78493	4.76443	4.83398	4.90831	5.00646	5.12444	5.25153	
242.871	4.79118	4.78498	4.7643	4.83368	4.90784	5.00575	5.12346	5.25066	
243.164	4.79118	4.78503	4.76417	4.83338	4.90736	5.00505	5.12249	5.24979	
243.457	4.79118	4.78508	4.76405	4.83308	4.90689	5.00435	5.12152	5.2489	
243.75	4.79119	4.78512	4.76392	4.83278	4.90642	5.00365	5.12055	5.248	
244.043	4.79119	4.78517	4.76379	4.83248	4.90595	5.00295	5.11958	5.24709	
244.336	4.79119	4.78522	4.76367	4.83218	4.90548	5.00226	5.11862	5.24617	
244.629	4.7912	4.78527	4.76355	4.83189	4.90501	5.00157	5.11766	5.24524	
244.922	4.7912	4.78531	4.76342	4.83159	4.90455	5.00088	5.1167	5.24431	
245.215	4.7912	4.78536	4.7633	4.8313	4.90409	5.00019	5.11575	5.24336	
245.508	4.79121	4.78541	4.76318	4.831	4.90362	4.9995	5.1148	5.24241	
245.801	4.79121	4.78545	4.76307	4.83071	4.90316	4.99882	5.11385	5.24145	
246.094	4.79121	4.7855	4.76295	4.83041	4.90271	4.99814	5.11291	5.24048	
246.387	4.79122	4.78554	4.76283	4.83012	4.90225	4.99746	5.11197	5.2395	
246.68	4.79122	4.78559	4.76272	4.82983	4.90179	4.99679	5.11103	5.23852	
246.973	4.79122	4.78564	4.76261	4.82954	4.90134	4.99612	5.11009	5.23754	
247.266	4.79123	4.78568	4.76249	4.82925	4.90089	4.99544	5.10916	5.23655	
247.559	4.79123	4.78573	4.76238	4.82896	4.90043	4.99478	5.10823	5.23555	
247.852	4.79123	4.78577	4.76227	4.82867	4.89999	4.99411	5.1073	5.23455	
248.145	4.79124	4.78582	4.76216	4.82838	4.89954	4.99345	5.10638	5.23355	
248.438	4.79124	4.78586	4.76206	4.82809	4.89909	4.99278	5.10546	5.23254	
248.73	4.79124	4.78591	4.76195	4.8278	4.89865	4.99213	5.10454	5.23153	
249.023	4.79124	4.78595	4.76184	4.82752	4.8982	4.99147	5.10362	5.23052	
249.316	4.79125	4.786	4.76174	4.82723	4.89776	4.99081	5.10271	5.2295	
249.609	4.79125	4.78604	4.76164	4.82695	4.89732	4.99016	5.1018	5.22848	
249.902	4.79125	4.78609	4.76154	4.82666	4.89688	4.98951	5.1009	5.22745	
250.195	4.79126	4.78613	4.76143	4.82638	4.89644	4.98886	5.09999	5.22643	
250.488	4.79126	4.78618	4.76133	4.82609	4.89601	4.98822	5.09909	5.2254	
250.781	4.79126	4.78622	4.76124	4.82581	4.89557	4.98757	5.09819	5.22437	
251.074	4.79127	4.78626	4.76114	4.82553	4.89514	4.98693	5.0973	5.22334	
251.367	4.79127	4.78631	4.76104	4.82525	4.89471	4.98629	5.09641	5.22231	
251.66	4.79127	4.78635	4.76095	4.82497	4.89428	4.98566	5.09552	5.22127	
251.953	4.79127	4.78639	4.76086	4.82469	4.89385	4.98502	5.09463	5.22024	
252.246	4.79128	4.78644	4.76076	4.82441	4.89342	4.98439	5.09375	5.2192	
252.539	4.79128	4.78648	4.76067	4.82413	4.89299	4.98376	5.09287	5.21816	
252.832	4.79128	4.78652	4.76058	4.82385	4.89257	4.98313	5.09199	5.21712	
253.125	4.79128	4.78657	4.76049	4.82357	4.89214	4.9825	5.09111	5.21608	
253.418	4.79129	4.78661	4.7604	4.8233	4.89172	4.98188	5.09024	5.21504	
253.711	4.79129	4.78665	4.76032	4.82302	4.8913	4.98126	5.08937	5.214	
254.004	4.79129	4.78669	4.76023	4.82275	4.89088	4.98063	5.0885	5.21296	
254.297	4.7913	4.78673	4.76015	4.82247	4.89046	4.98002	5.08764	5.21192	
254.59	4.7913	4.78678	4.76006	4.8222	4.89005	4.9794	5.08678	5.21088	4.40496	
254.883	4.7913	4.78682	4.75998	4.82192	4.88963	4.97879	5.08592	5.20984	4.80697	
255.176	4.7913	4.78686	4.7599	4.82165	4.88922	4.97818	5.08507	5.2088	4.95534	
255.469	4.79131	4.7869	4.75982	4.82138	4.88881	4.97757	5.08421	5.20776	5.03474	
255.762	4.79131	4.78694	4.75974	4.8211	4.88839	4.97696	5.08336	5.20672	5.08547	
256.055	4.79131	4.78698	4.75966	4.82083	4.88798	4.97635	5.08251	5.20569	5.12112	
256.348	4.79131	4.78702	4.75959	4.82056	4.88758	4.97575	5.08167	5.20465	5.14769	
256.641	4.79132	4.78706	4.75951	4.82029	4.88717	4.97515	5.08083	5.20361	5.16831	
256.934	4.79132	4.7871	4.75944	4.82002	4.88676	4.97455	5.07999	5.20257	5.18478	
257.227	4.79132	4.78714	4.75936	4.81975	4.88636	4.97395	5.07915	5.20154	5.19822	
257.52	4.79132	4.78718	4.75929	4.81948	4.88596	4.97335	5.07832	5.2005	5.20938	
257.813	4.79133	4.78722	4.75922	4.81921	4.88555	4.97276	5.07749	5.19947	5.21876	
258.105	4.79133	4.78726	4.75915	4.81895	4.88515	4.97217	5.07666	5.19844	5.22673	
258.398	4.79133	4.7873	4.75908	4.81868	4.88475	4.97158	5.07583	5.1974	5.23357	
258.691	4.79133	4.78734	4.75902	4.81841	4.88435	4.97099	5.07501	5.19637	5.23947	
258.984	4.79134	4.78738	4.75895	4.81814	4.88396	4.9704	5.07419	5.19535	5.24458	
259.277	4.79134	4.78742	4.75888	4.81788	4.88356	4.96982	5.07337	5.19432	5.24904	
259.57	4.79134	4.78746	4.75882	4.81761	4.88317	4.96924	5.07256	5.19329	5.25295	
259.863	4.79134	4.7875	4.75876	4.81735	4.88277	4.96866	5.07175	5.19227	5.25637	
260.156	4.79134	4.78754	4.7587	4.81708	4.88238	4.96808	5.07094	5.19124	5.25937	
260.449	4.79135	4.78758	4.75863	4.81682	4.88199	4.9675	5.07013	5.19022	5.26201	
260.742	4.79135	4.78761	4.75857	4.81656	4.8816	4.96693	5.06932	5.1892	5.26433	
261.035	4.79135	4.78765	4.75852	4.81629	4.88121	4.96635	5.06852	5.18818	5.26637	
261.328	4.79135	4.78769	4.75846	4.81603	4.88083	4.96578	5.06772	5.18716	5.26816	
261.621	4.79136	4.78773	4.7584	4.81577	4.88044	4.96521	5.06693	5.18615	5.26973	
261.914	4.79136	4.78777	4.75835	4.81551	4.88006	4.96465	5.06613	5.18513	5.2711	
262.207	4.79136	4.7878	4.75829	4.81525	4.87967	4.96408	5.06534	5.18412	5.27229	
262.5	4.79136	4.78784	4.75824	4.81499	4.87929	4.96352	5.06455	5.18311	5.27332	
262.793	4.79136	4.78788	4.75819	4.81473	4.87891	4.96296	5.06376	5.1821	5.2742	
263.086	4.79137	4.78791	4.75814	4.81447	4.87853	4.9624	5.06298	5.18109	5.27495	
263.379	4.79137	4.78795	4.75809	4.81421	4.87815	4.96184	5.0622	5.18009	5.27557	
263.672	4.79137	4.78799	4.75804	4.81395	4.87778	4.96128	5.06142	5.17909	5.27609	
263.965	4.79137	4.78802	4.75799	4.81369	4.8774	4.96073	5.06064	5.17809	5.2765	
264.258	4.79138	4.78806	4.75794	4.81343	4.87703	4.96017	5.05987	5.17709	5.27682	
264.551	4.79138	4.78809	4.7579	4.81318	4.87665	4.95962	5.0591	5.17609	5.27706	
264.844	4.79138	4.78813	4.75785	4.81292	4.87628	4.95907	5.05833	5.17509	5.27722	
265.137	4.79138	4.78817	4.75781	4.81266	4.87591	4.95853	5.05756	5.1741	5.2773	
265.43	4.79138	4.7882	4.75777	4.81241	4.87554	4.95798	5.0568	5.17311	5.27732	
265.723	4.79139	4.78824	4.75773	4.81215	4.87517	4.95744	5.05604	5.17212	5.27727	
266.016	4.79139	4.78827	4.75769	4.81189	4.8748	4.95689	5.05528	5.17114	5.27717	
266.309	4.79139	4.78831	4.75765	4.81164	4.87443	4.95635	5.05452	5.17015	5.27701	
266.602	4.79139	4.78834	4.75761	4.81139	4.87407	4.95582	5.05377	5.16917	5.2768	
266.895	4.79139	4.78838	4.75757	4.81113	4.8737	4.95528	5.05302	5.16819	5.27654	
267.188	4.7914	4.78841	4.75754	4.81088	4.87334	4.95474	5.05227	5.16721	5.27625	
267.48	4.7914	4.78844	4.7575	4.81062	4.87298	4.95421	5.05152	5.16623	5.27591	
267.773	4.7914	4.78848	4.75747	4.81037	4.87262	4.95368	5.05078	5.16526	5.27553	
268.066	4.7914	4.78851	4.75744	4.81012	4.87226	4.95315	5.05004	5.16429	5.27511	
268.359	4.7914	4.78855	4.7574	4.80987	4.8719	4.95262	5.0493	5.16332	5.27467	
268.652	4.7914	4.78858	4.75737	4.80962	4.87154	4.95209	5.04856	5.16235	5.27419	
268.945	4.79141	4.78861	4.75734	4.80936	4.87118	4.95157	5.04782	5.16139	5.27368	
269.238	4.79141	4.78865	4.75732	4.80911	4.87083	4.95104	5.04709	5.16043	5.27315	
269.531	4.79141	4.78868	4.75729	4.80886	4.87047	4.95052	5.04636	5.15947	5.27259	
269.824	4.79141	4.78871	4.75726	4.80861	4.87012	4.95	5.04563	5.15851	5.272	
270.117	4.79141	4.78875	4.75724	4.80836	4.86977	4.94948	5.04491	5.15755	5.27139	
270.41	4.79142	4.78878	4.75721	4.80811	4.86942	4.94896	5.04418	5.1566	5.27076	
270.703	4.79142	4.78881	4.75719	4.80786	4.86907	4.94845	5.04346	5.15565	5.27011	
270.996	4.79142	4.78884	4.75717	4.80762	4.86872	4.94793	5.04275	5.1547	5.26945	
271.289	4.79142	4.78887	4.75715	4.80737	4.86837	4.94742	5.04203	5.15376	5.26876	
271.582	4.79142	4.78891	4.75713	4.80712	4.86802	4.94691	5.04132	5.15281	5.26805	
271.875	4.79142	4.78894	4.75711	4.80687	4.86768	4.9464	5.0406	5.15187	5.26733	
272.168	4.79143	4.78897	4.75709	4.80663	4.86733	4.94589	5.03989	5.15093	5.2666	
272.461	4.79143	4.789	4.75707	4.80638	4.86699	4.94539	5.03919	5.15	5.26585	
272.754	4.79143	4.78903	4.75706	4.80613	4.86665	4.94488	5.03848	5.14906	5.26509	
273.047	4.79143	4.78906	4.75704	4.80589	4.86631	4.94438	5.03778	5.14813	5.26431	
273.34	4.79143	4.78909	4.75703	4.80564	4.86597	4.94388	5.03708	5.1472	5.26352	
273.633	4.79143	4.78912	4.75702	4.80539	4.86563	4.94338	5.03638	5.14628	5.26272	
273.926	4.79144	4.78915	4.757	4.80515	4.86529	4.94288	5.03568	5.14535	5.26191	
274.219	4.79144	4.78918	4.75699	4.8049	4.86495	4.94239	5.03499	5.14443	5.26109	
274.512	4.79144	4.78922	4.75698	4.80466	4.86461	4.94189	5.0343	5.14351	5.26026	
274.805	4.79144	4.78925	4.75697	4.80442	4.86428	4.9414	5.03361	5.14259	5.25943	
275.098	4.79144	4.78927	4.75697	4.80417	4.86394	4.9409	5.03292	5.14168	5.25858	
275.391	4.79144	4.7893	4.75696	4.80393	4.86361	4.94041	5.03224	5.14077	5.25772	
275.684	4.79144	4.78933	4.75695	4.80369	4.86328	4.93992	5.03156	5.13986	5.25686	
275.977	4.79145	4.78936	4.75695	4.80344	4.86295	4.93944	5.03087	5.13895	5.25599	
276.27	4.79145	4.78939	4.75694	4.8032	4.86262	4.93895	5.0302	5.13804	5.25511	
276.563	4.79145	4.78942	4.75694	4.80296	4.86229	4.93847	5.02952	5.13714	5.25423	
276.855	4.79145	4.78945	4.75694	4.80272	4.86196	4.93798	5.02885	5.13624	5.25334	
277.148	4.79145	4.78948	4.75694	4.80247	4.86163	4.9375	5.02817	5.13534	5.25245	
277.441	4.79145	4.78951	4.75694	4.80223	4.8613	4.93702	5.0275	5.13445	5.25155	
277.734	4.79146	4.78954	4.75694	4.80199	4.86098	4.93654	5.02684	5.13356	5.25064	
278.027	4.79146	4.78956	4.75694	4.80175	4.86065	4.93606	5.02617	5.13267	5.24973	
278.32	4.79146	4.78959	4.75694	4.80151	4.86033	4.93559	5.02551	5.13178	5.24882	
278.613	4.79146	4.78962	4.75695	4.80127	4.86001	4.93511	5.02485	5.13089	5.2479	
278.906	4.79146	4.78965	4.75695	4.80103	4.85969	4.93464	5.02419	5.13001	5.24698	
279.199	4.79146	4.78968	4.75696	4.80079	4.85937	4.93417	5.02353	5.12913	5.24606	
279.492	4.79146	4.7897	4.75697	4.80055	4.85905	4.9337	5.02287	5.12825	5.24513	
279.785	4.79146	4.78973	4.75697	4.80031	4.85873	4.93323	5.02222	5.12737	5.2442	
280.078	4.79147	4.78976	4.75698	4.80007	4.85841	4.93276	5.02157	5.1265	5.24326	
280.371	4.79147	4.78978	4.75699	4.79984	4.85809	4.9323	5.02092	5.12563	5.24232	
280.664	4.79147	4.78981	4.757	4.7996	4.85778	4.93183	5.02027	5.12476	5.24138	
280.957	4.79147	4.78984	4.75702	4.79936	4.85746	4.93137	5.01963	5.1239	5.24044	
281.25	4.79147	4.78986	4.75703	4.79912	4.85715	4.9309	5.01898	5.12303	5.2395	
281.543	4.79147	4.78989	4.75704	4.79889	4.85684	4.93044	5.01834	5.12217	5.23855	
281.836	4.79147	4.78992	4.75706	4.79865	4.85652	4.92998	5.0177	5.12131	5.2376	
282.129	4.79148	4.78994	4.75707	4.79841	4.85621	4.92953	5.01707	5.12046	5.23665	
282.422	4.79148	4.78997	4.75709	4.79818	4.8559	4.92907	5.01643	5.1196	5.2357	
282.715	4.79148	4.78999	4.7571	4.79794	4.85559	4.92862	5.0158	5.11875	5.23475	
283.008	4.79148	4.79002	4.75712	4.7977	4.85528	4.92816	5.01517	5.1179	5.23379	
283.301	4.79148	4.79005	4.75714	4.79747	4.85498	4.92771	5.01454	5.11705	5.23284	
283.594	4.79148	4.79007	4.75716	4.79723	4.85467	4.92726	5.01391	5.11621	5.23188	
283.887	4.79148	4.7901	4.75718	4.797	4.85436	4.92681	5.01329	5.11537	5.23093	
284.18	4.79148	4.79012	4.7572	4.79676	4.85406	4.92636	5.01266	5.11453	5.22997	4.7854	
284.473	4.79149	4.79015	4.75723	4.79653	4.85375	4.92591	5.01204	5.11369	5.22901	4.95421	
284.766	4.79149	4.79017	4.75725	4.79629	4.85345	4.92547	5.01142	5.11285	5.22805	5.03912	
285.059	4.79149	4.79019	4.75728	4.79606	4.85315	4.92502	5.0108	5.11202	5.22709	5.09192	
285.352	4.79149	4.79022	4.7573	4.79583	4.85285	4.92458	5.01019	5.11119	5.22613	5.1285	
285.645	4.79149	4.79024	4.75733	4.79559	4.85255	4.92414	5.00957	5.11036	5.22518	5.15555	
285.938	4.79149	4.79027	4.75735	4.79536	4.85225	4.92369	5.00896	5.10954	5.22422	5.17643	
286.23	4.79149	4.79029	4.75738	4.79513	4.85195	4.92325	5.00835	5.10872	5.22326	5.19307	
286.523	4.79149	4.79032	4.75741	4.79489	4.85165	4.92282	5.00774	5.10789	5.2223	5.20663	
286.816	4.79149	4.79034	4.75744	4.79466	4.85136	4.92238	5.00714	5.10708	5.22134	5.21788	
287.109	4.7915	4.79036	4.75747	4.79443	4.85106	4.92194	5.00653	5.10626	5.22038	5.22735	
287.402	4.7915	4.79039	4.7575	4.7942	4.85076	4.92151	5.00593	5.10545	5.21942	5.23541	
287.695	4.7915	4.79041	4.75754	4.79397	4.85047	4.92108	5.00533	5.10463	5.21846	5.24233	
287.988	4.7915	4.79043	4.75757	4.79374	4.85018	4.92064	5.00473	5.10382	5.21751	5.24831	
288.281	4.7915	4.79045	4.7576	4.79351	4.84988	4.92021	5.00413	5.10302	5.21655	5.25352	
288.574	4.7915	4.79048	4.75764	4.79327	4.84959	4.91978	5.00354	5.10221	5.21559	5.25807	
288.867	4.7915	4.7905	4.75767	4.79304	4.8493	4.91936	5.00294	5.10141	5.21464	5.26206	
289.16	4.7915	4.79052	4.75771	4.79281	4.84901	4.91893	5.00235	5.10061	5.21368	5.26558	
289.453	4.7915	4.79055	4.75775	4.79258	4.84872	4.9185	5.00176	5.09981	5.21273	5.26868	
289.746	4.7915	4.79057	4.75779	4.79235	4.84843	4.91808	5.00117	5.09902	5.21177	5.27142	
290.039	4.79151	4.79059	4.75783	4.79212	4.84815	4.91765	5.00059	5.09822	5.21082	5.27384	
290.332	4.79151	4.79061	4.75787	4.7919	4.84786	4.91723	5	5.09743	5.20987	5.27598	
290.625	4.79151	4.79063	4.75791	4.79167	4.84757	4.91681	4.99942	5.09664	5.20892	5.27788	
290.918	4.79151	4.79065	4.75795	4.79144	4.84729	4.91639	4.99884	5.09586	5.20797	5.27955	
291.211	4.79151	4.79068	4.75799	4.79121	4.847	4.91597	4.99826	5.09507	5.20702	5.28102	
291.504	4.79151	4.7907	4.75804	4.79098	4.84672	4.91555	4.99768	5.09429	5.20607	5.28232	
291.797	4.79151	4.79072	4.75808	4.79075	4.84644	4.91514	4.99711	5.09351	5.20513	5.28345	
292.09	4.79151	4.79074	4.75812	4.79053	4.84616	4.91472	4.99653	5.09274	5.20418	5.28444	
292.383	4.79151	4.79076	4.75817	4.7903	4.84588	4.91431	4.99596	5.09196	5.20324	5.28529	
292.676	4.79151	4.79078	4.75822	4.79007	4.8456	4.9139	4.99539	5.09119	5.20229	5.28603	
292.969	4.79152	4.7908	4.75826	4.78984	4.84532	4.91348	4.99482	5.09042	5.20135	5.28665	
293.262	4.79152	4.79082	4.75831	4.78962	4.84504	4.91307	4.99426	5.08965	5.20041	5.28717	
293.555	4.79152	4.79084	4.75836	4.78939	4.84476	4.91266	4.99369	5.08888	5.19947	5.2876	
293.848	4.79152	4.79086	4.75841	4.78917	4.84448	4.91226	4.99313	5.08812	5.19854	5.28794	
294.141	4.79152	4.79088	4.75846	4.78894	4.84421	4.91185	4.99257	5.08736	5.1976	5.28821	
294.434	4.79152	4.7909	4.75851	4.78871	4.84393	4.91144	4.99201	5.0866	5.19667	5.2884	
294.727	4.79152	4.79092	4.75857	4.78849	4.84366	4.91104	4.99145	5.08584	5.19573	5.28852	
295.02	4.79152	4.79094	4.75862	4.78826	4.84338	4.91063	4.99089	5.08508	5.1948	5.28858	
295.313	4.79152	4.79096	4.75867	4.78804	4.84311	4.91023	4.99033	5.08433	5.19387	5.28858	
295.605	4.79152	4.79098	4.75873	4.78782	4.84284	4.90983	4.98978	5.08358	5.19294	5.28853	
295.898	4.79152	4.791	4.75878	4.78759	4.84257	4.90943	4.98923	5.08283	5.19202	5.28842	
296.191	4.79152	4.79102	4.75884	4.78737	4.8423	4.90903	4.98868	5.08208	5.19109	5.28827	
296.484	4.79153	4.79104	4.75889	4.78714	4.84203	4.90863	4.98813	5.08134	5.19017	5.28808	
296.777	4.79153	4.79106	4.75895	4.78692	4.84176	4.90824	4.98758	5.0806	5.18925	5.28784	
297.07	4.79153	4.79108	4.75901	4.7867	4.84149	4.90784	4.98704	5.07985	5.18833	5.28756	
297.363	4.79153	4.7911	4.75907	4.78647	4.84122	4.90744	4.98649	5.07912	5.18741	5.28725	
297.656	4.79153	4.79112	4.75913	4.78625	4.84095	4.90705	4.98595	5.07838	5.18649	5.28691	
297.949	4.79153	4.79114	4.75919	4.78603	4.84069	4.90666	4.98541	5.07765	5.18558	5.28653	
298.242	4.79153	4.79115	4.75925	4.78581	4.84042	4.90627	4.98487	5.07691	5.18467	5.28612	
298.535	4.79153	4.79117	4.75931	4.78559	4.84016	4.90588	4.98434	5.07618	5.18375	5.28569	
298.828	4.79153	4.79119	4.75937	4.78536	4.83989	4.90549	4.9838	5.07546	5.18284	5.28522	
299.121	4.79153	4.79121	4.75944	4.78514	4.83963	4.9051	4.98327	5.07473	5.18194	5.28474	
299.414	4.79153	4.79123	4.7595	4.78492	4.83937	4.90471	4.98273	5.07401	5.18103	5.28423	
299.707	4.79153	4.79124	4.75956	4.7847	4.83911	4.90432	4.9822	5.07329	5.18013	5.28369	
300	4.79153	4.79126	4.75963	4.78448	4.83885	4.90394	4.98167	5.07257	5.17923	5.28314	
