45.117188	-1	-1	-1	-1	-1
45.410156	-1	-1	-1	-1	-1
45.703125	-1	-1	-1	-1	-1
45.996094	-1	-1	-1	-1	-1
46.289063	-1	-1	-1	-1	-1
46.582031	-1	-1	-1	-1	-1
46.875	-1	-1	-1	-1	-1
47.167969	-1	-1	-1	-1	-1
47.460938	-1	-1	-1	-1	-1
47.753906	-1	-1	-1	-1	-1
48.046875	-1	-1	-1	-1	-1
48.339844	-1	-1	-1	-1	-1
48.632813	-1	-1	-1	-1	-1
48.925781	-1	-1	-1	-1	-1
49.21875	-1	-1	-1	-1	-1
49.511719	-1	-1	-1	-1	-1
49.804688	-1	-1	-1	-1	-1
50.097656	-1	-1	-1	-1	-1
50.390625	-1	-1	-1	-1	-1
50.683594	-1	-1	-1	-1	-1
50.976563	-1	-1	-1	-1	-1
51.269531	-1	-1	-1	-1	-1
51.5625	-1	-1	-1	-1	-1
51.855469	-1	-1	-1	-1	-1
52.148438	-1	-1	-1	-1	-1
52.441406	2.1775792e-010	-1	-1	-1	-1
52.734375	1.7499036e-010	-1	-1	-1	-1
53.027344	2.8176793e-010	-1	-1	-1	-1
53.320313	1.3611876e-010	-1	-1	-1	-1
53.613281	2.4955634e-010	-1	-1	-1	-1
53.90625	2.04906e-010	-1	-1	-1	-1
54.199219	3.3480879e-010	-1	-1	-1	-1
54.492188	5.1652749e-010	3.9899484e-010	-1	-1	-1
54.785156	5.7294593e-010	5.0269211e-010	-1	-1	-1
55.078125	6.2752764e-010	5.4845048e-010	-1	-1	-1
55.371094	6.8153371e-010	5.9963571e-010	-1	-1	-1
55.664063	7.3097535e-010	6.0979115e-010	-1	-1	-1
55.957031	7.7830706e-010	7.1537381e-010	-1	-1	-1
56.25	8.3591432e-010	7.8072459e-010	-1	-1	-1
56.542969	9.0068551e-010	8.4330436e-010	-1	-1	-1
56.835938	9.8903414e-010	8.851417e-010	-1	-1	-1
57.128906	1.0625937e-009	9.6687058e-010	-1	-1	-1
57.421875	1.1242798e-009	1.0057202e-009	-1	-1	-1
57.714844	1.1602804e-009	1.1532713e-009	-1	-1	-1
58.007813	1.187866e-009	1.273387e-009	-1	-1	-1
58.300781	1.2172731e-009	1.4136251e-009	-1	-1	-1
58.59375	1.2460435e-009	1.5698826e-009	-1	-1	-1
58.886719	1.2848214e-009	1.7275429e-009	-1	-1	-1
59.179688	1.3210288e-009	1.909172e-009	-1	-1	-1
59.472656	1.3524645e-009	2.0492349e-009	-1	-1	-1
59.765625	1.3850671e-009	2.1923609e-009	-1	-1	-1
60.058594	1.4155723e-009	2.4447861e-009	-1	-1	-1
60.351563	1.4311175e-009	2.7159539e-009	-1	-1	-1
60.644531	1.4369657e-009	2.9044404e-009	-1	-1	-1
60.9375	1.4252791e-009	3.2156595e-009	-1	-1	-1
61.230469	1.3976496e-009	3.4765805e-009	-1	-1	-1
61.523438	1.390384e-009	3.6276613e-009	-1	-1	-1
61.816406	1.407324e-009	3.7598355e-009	-1	-1	-1
62.109375	1.425377e-009	3.9604596e-009	-1	-1	-1
62.402344	1.4547706e-009	4.2180834e-009	-1	-1	-1
62.695313	1.4838836e-009	4.5076171e-009	-1	-1	-1
62.988281	1.4887089e-009	4.8549968e-009	-1	-1	-1
63.28125	1.4923921e-009	4.9897366e-009	-1	-1	-1
63.574219	1.4859152e-009	5.2099353e-009	-1	-1	-1
63.867188	1.4731751e-009	5.3748573e-009	-1	-1	-1
64.160156	1.4617158e-009	5.4813104e-009	-1	-1	-1
64.453125	1.4563827e-009	5.6140174e-009	-1	-1	-1
64.746094	1.4512378e-009	5.7023867e-009	-1	-1	-1
65.039063	1.4422153e-009	5.8683192e-009	-1	-1	-1
65.332031	1.4343646e-009	5.9130412e-009	-1	-1	-1
65.625	1.4287075e-009	5.9012107e-009	-1	-1	-1
65.917969	1.423765e-009	5.9489819e-009	-1	-1	-1
66.210938	1.4195046e-009	5.9541183e-009	-1	-1	-1
66.503906	1.4177849e-009	5.9278638e-009	-1	-1	-1
66.796875	1.4168889e-009	5.9405798e-009	-1	-1	-1
67.089844	1.4149753e-009	5.8221282e-009	-1	-1	-1
67.382813	1.3937324e-009	5.5298455e-009	-1	-1	-1
67.675781	1.3722375e-009	5.4200274e-009	-1	-1	-1
67.96875	1.3547098e-009	5.2292646e-009	-1	-1	-1
68.261719	1.3376329e-009	5.1692139e-009	-1	-1	-1
68.554688	1.3222482e-009	5.1001274e-009	-1	-1	-1
68.847656	1.3092796e-009	5.0767569e-009	-1	-1	-1
69.140625	1.3184531e-009	5.0851905e-009	-1	-1	-1
69.433594	1.3282667e-009	5.0734927e-009	-1	-1	-1
69.726563	1.3378129e-009	5.0414109e-009	-1	-1	-1
70.019531	1.3422173e-009	4.988931e-009	-1	-1	-1
70.3125	1.3470482e-009	4.916283e-009	-1	-1	-1
70.605469	1.3520173e-009	4.8125359e-009	-1	-1	-1
70.898438	1.3448023e-009	4.6688086e-009	-1	-1	-1
71.191406	1.3315558e-009	4.5364347e-009	-1	-1	-1
71.484375	1.3172882e-009	4.3367534e-009	-1	-1	-1
71.777344	1.3015685e-009	4.178386e-009	-1	-1	-1
72.070313	1.2835278e-009	4.0186892e-009	-1	-1	-1
72.363281	1.2642116e-009	3.9206351e-009	-1	-1	-1
72.65625	1.2438809e-009	3.8179051e-009	-1	-1	-1
72.949219	1.2256085e-009	3.7758285e-009	-1	-1	-1
73.242188	1.2087013e-009	3.7951165e-009	-1	-1	-1
73.535156	1.1927632e-009	3.7046228e-009	-1	-1	-1
73.828125	1.1778252e-009	3.6506846e-009	-1	-1	-1
74.121094	1.1620642e-009	3.5969693e-009	-1	-1	-1
74.414063	1.1441412e-009	3.5432016e-009	-1	-1	-1
74.707031	1.1242278e-009	3.5764592e-009	-1	-1	-1
75	1.1047213e-009	3.6015825e-009	-1	-1	-1
75.292969	1.0882784e-009	3.5975e-009	-1	-1	-1
75.585938	1.0706606e-009	3.5189906e-009	-1	-1	-1
75.878906	1.0519233e-009	3.4295471e-009	-1	-1	-1
76.171875	1.028606e-009	3.4518401e-009	-1	-1	-1
76.464844	9.9940041e-010	3.4607815e-009	-1	-1	-1
76.757813	9.7435791e-010	3.4942868e-009	-1	-1	-1
77.050781	9.5375455e-010	3.5313063e-009	-1	-1	-1
77.34375	9.372061e-010	3.5621883e-009	-1	-1	-1
77.636719	9.1802484e-010	3.5885993e-009	-1	-1	-1
77.929688	9.0191408e-010	3.5939101e-009	-1	-1	-1
78.222656	8.8910153e-010	3.6108607e-009	-1	-1	-1
78.515625	8.7976079e-010	3.5721951e-009	-1	-1	-1
78.808594	8.7798149e-010	3.5788051e-009	-1	-1	-1
79.101563	8.8013939e-010	3.6181641e-009	-1	-1	-1
79.394531	8.8338652e-010	3.6489171e-009	2.0055043e-010	-1	-1
79.6875	8.8751463e-010	3.6349364e-009	1.8074859e-010	-1	-1
79.980469	8.9232157e-010	3.6974512e-009	1.4819565e-010	-1	-1
80.273438	8.9860044e-010	3.7763499e-009	1.4063613e-010	-1	-1
80.566406	9.0587979e-010	3.8530429e-009	1.286778e-010	-1	-1
80.859375	9.1388056e-010	3.9270077e-009	1.214561e-010	-1	-1
81.152344	9.2235027e-010	3.9977075e-009	1.1237406e-010	-1	-1
81.445313	9.3091919e-010	4.064596e-009	1.1849181e-010	-1	-1
81.738281	9.345743e-010	4.1271221e-009	1.5487631e-010	-1	-1
82.03125	9.3865841e-010	4.2221871e-009	2.3940565e-010	-1	-1
82.324219	9.4307259e-010	4.3216296e-009	3.1197934e-010	-1	-1
82.617188	9.4771357e-010	4.4017399e-009	4.0678901e-010	-1	-1
82.910156	9.5248099e-010	4.4575415e-009	5.3941275e-010	-1	-1
83.203125	9.579894e-010	4.5625196e-009	6.9479558e-010	-1	-1
83.496094	9.6398236e-010	4.6445126e-009	8.838713e-010	-1	-1
83.789063	9.4671991e-010	4.6992666e-009	1.1955493e-009	-1	-1
84.082031	9.2362695e-010	4.7451693e-009	1.4854754e-009	-1	-1
84.375	8.9256984e-010	4.8254456e-009	1.8089456e-009	-1	-1
84.667969	9.8763818e-010	4.92234e-009	2.2412904e-009	-1	-1
84.960938	9.910874e-010	5.0247103e-009	2.7053661e-009	-1	-1
85.253906	9.9417042e-010	5.1129253e-009	3.2808176e-009	-1	-1
85.546875	9.9675931e-010	5.1911448e-009	3.8744314e-009	-1	-1
85.839844	9.9871632e-010	5.2383413e-009	4.4855036e-009	-1	-1
86.132813	9.9990905e-010	5.292315e-009	5.2106022e-009	-1	-1
86.425781	9.9921934e-010	5.3616602e-009	5.8672516e-009	-1	-1
86.71875	9.9482373e-010	5.458093e-009	6.6218604e-009	-1	-1
87.011719	9.8773127e-010	5.6025743e-009	7.37553e-009	-1	-1
87.304688	9.5088746e-010	5.7547122e-009	7.8645072e-009	-1	-1
87.597656	8.9963559e-010	5.8947009e-009	7.8289795e-009	-1	-1
87.890625	8.1320498e-010	6.010032e-009	7.7724158e-009	-1	-1
88.183594	8.0264893e-010	6.0784638e-009	7.6950417e-009	-1	-1
88.476563	7.9103952e-010	6.1457242e-009	7.5972487e-009	-1	-1
88.769531	8.3786006e-010	6.2082734e-009	7.9276302e-009	-1	-1
89.0625	7.9316464e-010	6.250322e-009	8.6669432e-009	-1	-1
89.355469	7.6491455e-010	6.3102525e-009	9.1963664e-009	-1	-1
89.648438	7.4154334e-010	6.4006507e-009	9.7676813e-009	-1	-1
89.941406	7.211665e-010	6.4527342e-009	1.014067e-008	-1	-1
90.234375	7.0556238e-010	6.4809751e-009	1.0626603e-008	-1	-1
90.527344	6.9162068e-010	6.5555736e-009	1.1041431e-008	-1	-1
90.820313	6.7945378e-010	6.6372778e-009	1.1449128e-008	-1	-1
91.113281	6.6788893e-010	6.6446398e-009	1.1782907e-008	-1	-1
91.40625	6.5580604e-010	6.6562405e-009	1.2131312e-008	-1	-1
91.699219	6.3049135e-010	6.6733964e-009	1.2378395e-008	-1	-1
91.992188	6.141135e-010	6.7330425e-009	1.2389299e-008	-1	-1
92.285156	5.9722798e-010	6.8635772e-009	1.2475055e-008	-1	-1
92.578125	5.7868181e-010	6.948381e-009	1.2492244e-008	-1	-1
92.871094	5.5994696e-010	6.9484862e-009	1.2627059e-008	-1	-1
93.164063	5.4108855e-010	6.9630693e-009	1.2755744e-008	-1	-1
93.457031	5.2217227e-010	6.9791825e-009	1.2888672e-008	-1	-1
93.75	5.0326412e-010	6.975911e-009	1.3010929e-008	-1	-1
94.042969	4.8442999e-010	6.9538451e-009	1.3105255e-008	-1	-1
94.335938	4.6573696e-010	6.9172242e-009	1.3170961e-008	-1	-1
94.628906	4.4724866e-010	6.8521631e-009	1.3207634e-008	-1	-1
94.921875	4.2899592e-010	6.7601405e-009	1.3318822e-008	-1	-1
95.214844	4.1125852e-010	6.6178269e-009	1.3413926e-008	-1	-1
95.507813	3.9417583e-010	6.4827975e-009	1.3524213e-008	-1	-1
95.800781	3.7778321e-010	6.3871653e-009	1.3486929e-008	-1	-1
96.09375	3.6211088e-010	6.2797263e-009	1.3573405e-008	-1	-1
96.386719	3.4718387e-010	6.1298032e-009	1.3365148e-008	-1	-1
96.679688	3.3302504e-010	5.9764379e-009	1.3227607e-008	-1	-1
96.972656	3.1965473e-010	5.7958044e-009	1.3086602e-008	-1	-1
97.265625	3.0709025e-010	5.6156211e-009	1.2870408e-008	-1	-1
97.558594	2.950716e-010	5.4597909e-009	1.2714409e-008	-1	-1
97.851563	2.8300634e-010	5.3259972e-009	1.2461155e-008	-1	-1
98.144531	2.7183734e-010	5.1953772e-009	1.2042375e-008	-1	-1
98.4375	2.6157147e-010	5.0489455e-009	1.1616167e-008	-1	-1
98.730469	2.5221001e-010	4.9191907e-009	1.115906e-008	-1	-1
99.023438	2.4375104e-010	4.8277032e-009	1.0759824e-008	-1	-1
99.316406	2.36183e-010	4.7453496e-009	1.0452115e-008	-1	-1
99.609375	2.2948691e-010	4.6635731e-009	1.0203023e-008	-1	-1
99.902344	2.2364185e-010	4.5901481e-009	1.0160529e-008	-1	-1
100.19531	2.1861572e-010	4.5313725e-009	1.0082146e-008	-1	-1
100.48828	2.144323e-010	4.4191747e-009	9.9681738e-009	-1	-1
100.78125	2.1159897e-010	4.3104596e-009	9.8192831e-009	-1	-1
101.07422	2.0924663e-010	4.2235626e-009	9.6365256e-009	-1	-1
101.36719	2.0731978e-010	4.1666255e-009	9.345729e-009	-1	-1
101.66016	2.0575326e-010	4.1214088e-009	9.0637508e-009	-1	-1
101.95313	2.0447408e-010	4.0786225e-009	8.8435515e-009	-1	-1
102.24609	2.0340769e-010	4.0481419e-009	8.5941437e-009	-1	-1
102.53906	2.0246909e-010	4.030873e-009	8.3847059e-009	-1	-1
102.83203	2.0157803e-010	4.0175034e-009	8.0834302e-009	-1	-1
103.125	2.0064578e-010	4.0166945e-009	7.8026695e-009	-1	-1
103.41797	1.9959095e-010	4.0229396e-009	7.5328675e-009	-1	-1
103.71094	1.9832929e-010	4.0329259e-009	7.3846441e-009	-1	-1
104.00391	1.9769892e-010	4.0707418e-009	7.2262239e-009	-1	-1
104.29688	1.9692291e-010	4.1050585e-009	7.178562e-009	-1	-1
104.58984	1.9586212e-010	4.1356278e-009	7.1173559e-009	-1	-1
104.88281	1.9444954e-010	4.1622772e-009	6.9996786e-009	-1	-1
105.17578	1.926277e-010	4.1849023e-009	6.867097e-009	-1	-1
105.46875	1.9034407e-010	4.2034568e-009	6.7374346e-009	-1	-1
105.76172	1.8755876e-010	4.2179425e-009	6.5089728e-009	-1	-1
106.05469	1.8423686e-010	4.2283988e-009	6.3632273e-009	-1	-1
106.34766	1.8035944e-010	4.2348921e-009	6.1501789e-009	-1	-1
106.64063	1.7591212e-010	4.2603362e-009	6.0338339e-009	-1	-1
106.93359	1.7089648e-010	4.2939534e-009	5.8251625e-009	-1	-1
107.22656	1.6532183e-010	4.3312988e-009	5.8336224e-009	-1	-1
107.51953	1.5904133e-010	4.371158e-009	5.8378038e-009	-1	-1
107.8125	1.5221323e-010	4.4062011e-009	5.8330939e-009	-1	-1
108.10547	1.4501291e-010	4.4413543e-009	5.8194116e-009	-1	-1
108.39844	1.3749382e-010	4.4771988e-009	5.7966943e-009	-1	-1
108.69141	1.2971092e-010	4.5114804e-009	5.7673964e-009	-1	-1
108.98438	1.2172514e-010	4.5364395e-009	5.7550634e-009	-1	-1
109.27734	1.1360243e-010	4.5505615e-009	5.7258133e-009	-1	-1
109.57031	1.054071e-010	4.5499759e-009	5.6862219e-009	-1	-1
109.86328	9.7207202e-011	4.544225e-009	5.6828976e-009	-1	-1
110.15625	8.9070121e-011	4.5353683e-009	5.6072748e-009	-1	-1
110.44922	8.1060158e-011	4.4976143e-009	5.5451009e-009	-1	-1
110.74219	7.3240984e-011	4.4352222e-009	5.4381399e-009	-1	-1
111.03516	-1	4.3690246e-009	5.3798815e-009	-1	-1
111.32813	-1	4.3095059e-009	5.3132594e-009	-1	-1
111.62109	-1	4.2650649e-009	5.2190539e-009	-1	-1
111.91406	-1	4.2154491e-009	5.1757897e-009	-1	-1
112.20703	-1	4.1608681e-009	5.1410118e-009	-1	-1
112.5	-1	4.1018432e-009	5.0949726e-009	-1	-1
112.79297	-1	4.0453355e-009	5.0747551e-009	-1	-1
113.08594	-1	3.991159e-009	5.1042727e-009	9.9468011e-011	-1
113.37891	-1	3.9253193e-009	5.0750833e-009	1.2762938e-010	-1
113.67188	-1	3.849521e-009	5.1383285e-009	1.6189163e-010	-1
113.96484	-1	3.7752422e-009	5.175979e-009	2.0681631e-010	-1
114.25781	-1	3.7029062e-009	5.2224121e-009	2.6015893e-010	-1
114.55078	-1	3.6367074e-009	5.2674948e-009	3.1859207e-010	-1
114.84375	-1	3.5690685e-009	5.3405319e-009	3.9856038e-010	-1
115.13672	-1	3.4998058e-009	5.4239079e-009	4.930138e-010	-1
115.42969	-1	3.4261033e-009	5.4417657e-009	5.9869423e-010	-1
115.72266	-1	3.3477866e-009	5.4905118e-009	6.9598602e-010	-1
116.01563	-1	3.2696936e-009	5.5220013e-009	8.1649476e-010	-1
116.30859	-1	3.1918121e-009	5.5363853e-009	9.480029e-010	-1
116.60156	-1	3.1085775e-009	5.5339913e-009	1.0926141e-009	-1
116.89453	-1	3.0197677e-009	5.5153121e-009	1.2956804e-009	-1
117.1875	-1	2.9282085e-009	5.4804681e-009	1.4951152e-009	-1
117.48047	-1	2.8344823e-009	5.4825724e-009	1.6951528e-009	-1
117.77344	-1	2.7405793e-009	5.500761e-009	1.8985886e-009	-1
118.06641	-1	2.6496598e-009	5.5179286e-009	2.0676043e-009	-1
118.35938	-1	2.5620459e-009	5.5126272e-009	2.2499678e-009	-1
118.65234	-1	2.4779348e-009	5.4988191e-009	2.4159437e-009	-1
118.94531	-1	2.3715499e-009	5.4867019e-009	2.5941503e-009	-1
119.23828	-1	2.264772e-009	5.4737502e-009	2.7768031e-009	-1
119.53125	-1	2.1640796e-009	5.4154648e-009	3.0133594e-009	-1
119.82422	-1	2.0705218e-009	5.3845748e-009	3.1765742e-009	-1
120.11719	-1	2.0025678e-009	5.3802038e-009	3.3379758e-009	-1
120.41016	-1	1.9451946e-009	5.3857574e-009	3.45458e-009	-1
120.70313	-1	1.8913295e-009	5.3019857e-009	3.5691631e-009	-1
120.99609	-1	1.8406897e-009	5.2892396e-009	3.6198502e-009	-1
121.28906	-1	1.7904756e-009	5.279499e-009	3.6898888e-009	-1
121.58203	-1	1.7439461e-009	5.2071705e-009	3.7060579e-009	-1
121.875	-1	1.7041818e-009	5.1377611e-009	3.8040181e-009	-1
122.16797	-1	1.6706993e-009	5.0729874e-009	3.7869697e-009	-1
122.46094	-1	1.6408114e-009	5.0204035e-009	3.8025395e-009	-1
122.75391	-1	1.6027811e-009	4.973725e-009	3.8169326e-009	-1
123.04688	-1	1.5671541e-009	4.9258008e-009	3.8350486e-009	-1
123.33984	-1	1.533886e-009	4.8824793e-009	3.844741e-009	-1
123.63281	-1	1.5029358e-009	4.8618791e-009	3.8628839e-009	-1
123.92578	-1	1.477942e-009	4.8309949e-009	3.8375455e-009	-1
124.21875	-1	1.45633e-009	4.792233e-009	3.8346384e-009	-1
124.51172	-1	1.435601e-009	4.7837673e-009	3.8017112e-009	-1
124.80469	-1	1.4154807e-009	4.775738e-009	3.7936365e-009	-1
125.09766	-1	1.3957326e-009	4.7402946e-009	3.7763626e-009	-1
125.39063	-1	1.3716235e-009	4.7275299e-009	3.7947013e-009	-1
125.68359	-1	1.3490181e-009	4.729534e-009	3.813722e-009	-1
125.97656	-1	1.3279921e-009	4.7277356e-009	3.8306794e-009	-1
126.26953	-1	1.3085208e-009	4.7223643e-009	3.8932912e-009	-1
126.5625	-1	1.2902407e-009	4.7136554e-009	3.9743154e-009	-1
126.85547	-1	1.2711685e-009	4.7018451e-009	4.0166487e-009	-1
127.14844	-1	1.2526733e-009	4.6871647e-009	4.0880356e-009	-1
127.44141	-1	1.2347484e-009	4.7081467e-009	4.1211271e-009	-1
127.73438	-1	1.2174052e-009	4.7080751e-009	4.1704065e-009	-1
128.02734	-1	1.2003932e-009	4.70427e-009	4.2222468e-009	-1
128.32031	-1	1.1831825e-009	4.7811206e-009	4.2648689e-009	-1
128.61328	-1	1.167733e-009	4.831297e-009	4.2980215e-009	-1
128.90625	-1	1.1540706e-009	4.8585598e-009	4.3215079e-009	-1
129.19922	-1	1.1421998e-009	4.8925975e-009	4.3521874e-009	-1
129.49219	-1	1.1321043e-009	4.9279161e-009	4.406544e-009	-1
129.78516	-1	1.1189525e-009	5.0304961e-009	4.4423943e-009	-1
130.07813	-1	1.1067999e-009	5.1260291e-009	4.4548809e-009	-1
130.37109	-1	1.0958246e-009	5.1834618e-009	4.4764788e-009	-1
130.66406	-1	1.0861085e-009	5.2548313e-009	4.5042371e-009	-1
130.95703	-1	1.0777307e-009	5.3474432e-009	4.5495321e-009	-1
131.25	-1	1.0756933e-009	5.413767e-009	4.5779295e-009	-1
131.54297	-1	1.0783168e-009	5.4740856e-009	4.630691e-009	-1
131.83594	-1	1.0821058e-009	5.5352485e-009	4.6553989e-009	-1
132.12891	-1	1.086757e-009	5.6035704e-009	4.6584964e-009	-1
132.42188	-1	1.09196e-009	5.6407815e-009	4.6699207e-009	-1
132.71484	-1	1.097247e-009	5.6933986e-009	4.6734584e-009	-1
133.00781	-1	1.0961326e-009	5.7636241e-009	4.6593649e-009	-1
133.30078	-1	1.0962809e-009	5.8185544e-009	4.6482845e-009	-1
133.59375	-1	1.0976179e-009	5.8624761e-009	4.6153591e-009	-1
133.88672	-1	1.100051e-009	5.9720948e-009	4.6645377e-009	-1
134.17969	-1	1.10347e-009	6.1197506e-009	4.705902e-009	-1
134.47266	-1	1.1072867e-009	6.1792023e-009	4.7342475e-009	-1
134.76563	-1	1.1089498e-009	6.2172114e-009	4.7495887e-009	-1
135.05859	-1	1.1092332e-009	6.3335244e-009	4.7520817e-009	-1
135.35156	-1	1.1081029e-009	6.4615206e-009	4.8153845e-009	-1
135.64453	-1	1.1055696e-009	6.5484416e-009	4.8633268e-009	-1
135.9375	-1	1.1016899e-009	6.6210155e-009	4.9501624e-009	-1
136.23047	-1	1.0977817e-009	6.6856542e-009	5.030906e-009	-1
136.52344	-1	1.0987326e-009	6.74223e-009	5.0983112e-009	-1
136.81641	-1	1.0993255e-009	6.790668e-009	5.1704506e-009	-1
137.10938	-1	1.0994576e-009	6.8309434e-009	5.2424747e-009	-1
137.40234	-1	1.0990442e-009	6.8630791e-009	5.3498795e-009	8.2883117e-011
137.69531	-1	1.0980219e-009	6.9235073e-009	5.4505269e-009	9.0540931e-011
137.98828	-1	1.0963518e-009	7.0041214e-009	5.5202053e-009	9.6643048e-011
138.28125	-1	1.0902619e-009	7.0316079e-009	5.6493406e-009	1.0280542e-010
138.57422	-1	1.0841579e-009	7.0594105e-009	5.6460134e-009	1.2168086e-010
138.86719	-1	1.0787144e-009	7.0813626e-009	5.7711356e-009	1.3111298e-010
139.16016	-1	1.0740917e-009	7.1038556e-009	5.8153929e-009	1.3133191e-010
139.45313	-1	1.0704431e-009	7.1335131e-009	5.8910168e-009	1.5744839e-010
139.74609	-1	1.0679166e-009	7.1726175e-009	6.0078161e-009	1.7281313e-010
140.03906	-1	1.0661799e-009	7.2142762e-009	6.0713534e-009	1.6765394e-010
140.33203	-1	1.0643754e-009	7.262637e-009	6.0964781e-009	1.9467545e-010
140.625	-1	1.0633187e-009	7.2930451e-009	6.1146512e-009	2.0073764e-010
140.91797	-1	1.0631497e-009	7.3306405e-009	6.1018359e-009	2.0776692e-010
141.21094	-1	1.0640112e-009	7.3826441e-009	6.0363372e-009	2.1638828e-010
141.50391	-1	1.0660449e-009	7.4333073e-009	6.0601903e-009	2.3418726e-010
141.79688	-1	1.0693875e-009	7.4851555e-009	6.1123295e-009	2.445149e-010
142.08984	-1	1.0746014e-009	7.540308e-009	6.1473318e-009	2.5912349e-010
142.38281	-1	1.0820536e-009	7.6133709e-009	6.1646314e-009	2.7055505e-010
142.67578	-1	1.0913937e-009	7.6615363e-009	6.1638114e-009	2.769338e-010
142.96875	-1	1.1026126e-009	7.7104235e-009	6.1434079e-009	2.866012e-010
143.26172	-1	1.1156723e-009	7.7169392e-009	6.1271123e-009	3.0442128e-010
143.55469	-1	1.1305041e-009	7.7124819e-009	6.050039e-009	3.102276e-010
143.84766	-1	1.1470094e-009	7.7208666e-009	5.9868743e-009	3.1713635e-010
144.14063	-1	1.1656691e-009	7.7376394e-009	5.913285e-009	3.2308603e-010
144.43359	-1	1.1861275e-009	7.7436909e-009	5.8137942e-009	3.1944111e-010
144.72656	-1	1.2064216e-009	7.6667931e-009	5.7558455e-009	3.2276865e-010
145.01953	-1	1.2262547e-009	7.599941e-009	5.7013094e-009	3.2783648e-010
145.3125	-1	1.245349e-009	7.5657128e-009	5.6620025e-009	3.3382916e-010
145.60547	-1	1.2634501e-009	7.5463119e-009	5.6228638e-009	3.4432419e-010
145.89844	-1	1.2803339e-009	7.5218357e-009	5.567209e-009	3.5292531e-010
146.19141	-1	1.2958102e-009	7.4785065e-009	5.4971629e-009	3.5381935e-010
146.48438	-1	1.3144445e-009	7.447636e-009	5.4292353e-009	3.5213029e-010
146.77734	-1	1.3333997e-009	7.4460377e-009	5.3253735e-009	3.5274343e-010
147.07031	-1	1.3514644e-009	7.4594764e-009	5.2786471e-009	3.5525486e-010
147.36328	-1	1.3682748e-009	7.4715498e-009	5.228285e-009	3.656274e-010
147.65625	-1	1.3834811e-009	7.4666909e-009	5.1899255e-009	3.7739501e-010
147.94922	-1	1.3967618e-009	7.4707501e-009	5.1919935e-009	3.9242286e-010
148.24219	-1	1.4078292e-009	7.4961484e-009	5.1716992e-009	4.1930043e-010
148.53516	-1	1.416436e-009	7.5308671e-009	5.1770011e-009	4.5457391e-010
148.82813	-1	1.4122531e-009	7.5622642e-009	5.1743374e-009	4.9529296e-010
149.12109	-1	1.4057338e-009	7.5692828e-009	5.1665512e-009	5.3650162e-010
149.41406	-1	1.3974058e-009	7.5846016e-009	5.2530598e-009	5.805463e-010
149.70703	-1	1.3876035e-009	7.6115302e-009	5.2373672e-009	6.2084299e-010
150	-1	1.3766559e-009	7.6429933e-009	5.2721526e-009	6.7007109e-010
150.29297	-1	1.3649176e-009	7.6735584e-009	5.2813577e-009	7.215565e-010
150.58594	-1	1.3527172e-009	7.6409618e-009	5.2819743e-009	7.8904382e-010
150.87891	-1	1.3403914e-009	7.602548e-009	5.274007e-009	8.630728e-010
151.17188	-1	1.3299197e-009	7.5761444e-009	5.2574964e-009	9.371633e-010
151.46484	-1	1.3184901e-009	7.5855984e-009	5.2325228e-009	1.0173948e-009
151.75781	-1	1.3053719e-009	7.5856894e-009	5.2696924e-009	1.0815116e-009
152.05078	-1	1.2908045e-009	7.5380937e-009	5.3234625e-009	1.156469e-009
152.34375	-1	1.2750424e-009	7.44567e-009	5.3422875e-009	1.2015385e-009
152.63672	-1	1.2583682e-009	7.4282993e-009	5.332728e-009	1.2327318e-009
152.92969	-1	1.2410704e-009	7.4387701e-009	5.341438e-009	1.2559434e-009
153.22266	-1	1.2234484e-009	7.4456595e-009	5.3414952e-009	1.2776858e-009
153.51563	-1	1.2060762e-009	7.4493096e-009	5.3244046e-009	1.2974613e-009
153.80859	-1	1.19358e-009	7.4500417e-009	5.2466401e-009	1.3181026e-009
154.10156	-1	1.1818892e-009	7.4481499e-009	5.2736026e-009	1.3497454e-009
154.39453	-1	1.1710607e-009	7.443897e-009	5.2335316e-009	1.3974796e-009
154.6875	-1	1.1611507e-009	7.4375102e-009	5.1124626e-009	1.4366371e-009
154.98047	-1	1.1522051e-009	7.4261945e-009	5.076425e-009	1.4739283e-009
155.27344	-1	1.1442696e-009	7.3827842e-009	5.0166008e-009	1.4891319e-009
155.56641	-1	1.137388e-009	7.3466282e-009	4.9484385e-009	1.5084984e-009
155.85938	-1	1.1316005e-009	7.3308323e-009	4.8637349e-009	1.5453991e-009
156.15234	-1	1.1269535e-009	7.3560954e-009	4.8393011e-009	1.6096178e-009
156.44531	-1	1.1196064e-009	7.3958912e-009	4.8300227e-009	1.66429e-009
156.73828	-1	1.1134386e-009	7.4339945e-009	4.7368816e-009	1.7070441e-009
157.03125	-1	1.1089175e-009	7.4529546e-009	4.698784e-009	1.7183135e-009
157.32422	-1	1.1061604e-009	7.4807464e-009	4.6751916e-009	1.7718487e-009
157.61719	-1	1.105287e-009	7.5076303e-009	4.6191915e-009	1.8038378e-009
157.91016	-1	1.1064005e-009	7.5204467e-009	4.5819535e-009	1.9089486e-009
158.20313	-1	1.1095895e-009	7.536047e-009	4.5574699e-009	1.9765475e-009
158.49609	-1	1.114939e-009	7.5609733e-009	4.5307938e-009	2.0461215e-009
158.78906	-1	1.1225073e-009	7.6016565e-009	4.5020806e-009	2.0965744e-009
159.08203	-1	1.1320302e-009	7.6407807e-009	4.4714683e-009	2.1586972e-009
159.375	-1	1.1427852e-009	7.6727331e-009	4.4390783e-009	2.2257594e-009
159.66797	-1	1.1553921e-009	7.685174e-009	4.3884006e-009	2.3062795e-009
159.96094	-1	1.1698371e-009	7.7031126e-009	4.3655755e-009	2.4032857e-009
160.25391	-1	1.1860905e-009	7.7259846e-009	4.3877962e-009	2.4133253e-009
160.54688	-1	1.2040851e-009	7.717954e-009	4.31524e-009	2.482936e-009
160.83984	-1	1.2237279e-009	7.7017278e-009	4.2501456e-009	2.4259917e-009
161.13281	-1	1.2449039e-009	7.6783385e-009	4.2086662e-009	2.4591252e-009
161.42578	-1	1.2674637e-009	7.6630649e-009	4.1302625e-009	2.450482e-009
161.71875	-1	1.2912239e-009	7.6587771e-009	4.0465148e-009	2.5314009e-009
162.01172	-1	1.3158917e-009	7.6629553e-009	3.9983653e-009	2.5793313e-009
162.30469	-1	1.3403406e-009	7.649138e-009	3.9517347e-009	2.6079267e-009
162.59766	-1	1.3651031e-009	7.6133172e-009	3.8963295e-009	2.6340481e-009
162.89063	-1	1.3899083e-009	7.5811194e-009	3.8750611e-009	2.6574949e-009
163.18359	-1	-1	7.5574076e-009	3.8713441e-009	2.6780802e-009
163.47656	-1	-1	7.5665349e-009	3.8225735e-009	2.7127884e-009
163.76953	-1	-1	7.5888491e-009	3.791823e-009	2.7504418e-009
164.0625	-1	-1	7.6224366e-009	3.7904093e-009	2.7716984e-009
164.35547	-1	-1	7.6259728e-009	3.7650232e-009	2.8262509e-009
164.64844	-1	-1	7.6133617e-009	3.7328949e-009	2.8833937e-009
164.94141	-1	-1	7.5964751e-009	3.7540241e-009	2.9928445e-009
165.23438	-1	-1	7.5774501e-009	3.7801203e-009	3.0673146e-009
165.52734	-1	-1	7.5641747e-009	3.8163869e-009	3.1713787e-009
165.82031	-1	-1	7.5484437e-009	3.8496937e-009	3.1942428e-009
166.11328	-1	-1	7.5284311e-009	3.8669013e-009	3.2428038e-009
166.40625	-1	-1	7.4736751e-009	3.8882941e-009	3.2516537e-009
166.69922	-1	-1	7.3980454e-009	3.9169544e-009	3.2883892e-009
166.99219	-1	-1	7.3132611e-009	3.8802095e-009	3.320117e-009
167.28516	-1	-1	7.2194603e-009	3.8767573e-009	3.371934e-009
167.57813	-1	-1	7.120926e-009	3.8780965e-009	3.3976533e-009
167.87109	-1	-1	7.0150225e-009	3.8730646e-009	3.4110471e-009
168.16406	-1	-1	6.9011921e-009	3.8622733e-009	3.4181393e-009
168.45703	-1	-1	6.7796231e-009	3.8463664e-009	3.4251155e-009
168.75	-1	-1	6.6459955e-009	3.8260057e-009	3.4452259e-009
169.04297	-1	-1	6.4971204e-009	3.803732e-009	3.4561176e-009
169.33594	-1	-1	6.3332538e-009	3.8014097e-009	3.4578221e-009
169.62891	-1	-1	6.1526443e-009	3.8010697e-009	3.4504391e-009
169.92188	-1	-1	5.9595672e-009	3.7979647e-009	3.4245949e-009
170.21484	-1	-1	5.7572728e-009	3.8020184e-009	3.3957151e-009
170.50781	-1	-1	5.5470412e-009	3.8049435e-009	3.3430475e-009
170.80078	-1	-1	5.3238287e-009	3.8132072e-009	3.2981687e-009
171.09375	-1	-1	5.0910735e-009	3.829315e-009	3.2362702e-009
171.38672	-1	-1	4.8527587e-009	3.8398163e-009	3.1497409e-009
171.67969	-1	-1	4.6112351e-009	3.8499322e-009	3.0722116e-009
171.97266	-1	-1	4.3674311e-009	3.8971814e-009	2.8959901e-009
172.26563	-1	-1	4.1294785e-009	3.964776e-009	2.8010152e-009
172.55859	-1	-1	3.8998742e-009	3.9944384e-009	2.6201229e-009
172.85156	-1	-1	3.6800458e-009	4.0196907e-009	2.5310673e-009
173.14453	-1	-1	3.4703576e-009	4.0809683e-009	2.4290451e-009
173.4375	-1	-1	3.2710444e-009	4.1408133e-009	2.3173154e-009
173.73047	-1	-1	3.0829098e-009	4.1562498e-009	2.2035283e-009
174.02344	-1	-1	2.9065158e-009	4.1687127e-009	2.066476e-009
174.31641	-1	-1	2.7341833e-009	4.1851851e-009	1.9436627e-009
174.60938	-1	-1	2.5699084e-009	4.1907911e-009	1.8381948e-009
174.90234	-1	-1	2.4177162e-009	4.2029111e-009	1.7400092e-009
175.19531	-1	-1	2.2779187e-009	4.2357936e-009	1.67269e-009
175.48828	-1	-1	2.1571535e-009	4.2618205e-009	1.61314e-009
175.78125	-1	-1	2.0564142e-009	4.2799432e-009	1.5316293e-009
176.07422	-1	-1	1.9684123e-009	4.3121709e-009	1.4622275e-009
176.36719	-1	-1	1.8924429e-009	4.362519e-009	1.385263e-009
176.66016	-1	-1	1.8220878e-009	4.4015833e-009	1.3745751e-009
176.95313	-1	-1	1.7393632e-009	4.4189757e-009	1.3626451e-009
177.24609	-1	-1	1.669837e-009	4.4463209e-009	1.34937e-009
177.53906	-1	-1	1.6134713e-009	4.4628836e-009	1.3346578e-009
177.83203	-1	-1	1.5701503e-009	4.4912602e-009	1.3184308e-009
178.125	-1	-1	1.5467607e-009	4.5756536e-009	1.2426978e-009
178.41797	-1	-1	1.5358293e-009	4.6824119e-009	1.1917584e-009
178.71094	-1	-1	1.5348496e-009	4.7467487e-009	1.1708745e-009
179.00391	-1	-1	1.5433051e-009	4.81535e-009	1.1456839e-009
179.29688	-1	-1	1.5561553e-009	4.9331133e-009	1.1269597e-009
179.58984	-1	-1	1.5683234e-009	5.0768444e-009	1.1057699e-009
179.88281	-1	-1	1.590704e-009	5.1895145e-009	1.0838166e-009
180.17578	-1	-1	1.62288e-009	5.2551938e-009	1.0643779e-009
180.46875	-1	-1	1.6643686e-009	5.328262e-009	1.054705e-009
180.76172	-1	-1	1.7115477e-009	5.4263638e-009	1.0529454e-009
181.05469	-1	-1	1.7643874e-009	5.5189954e-009	1.0504826e-009
181.34766	-1	-1	1.8233555e-009	5.5546013e-009	1.0423956e-009
181.64063	-1	-1	1.887728e-009	5.5774429e-009	1.06759e-009
181.93359	-1	-1	1.9567305e-009	5.6337651e-009	1.0572717e-009
182.22656	-1	-1	2.0276963e-009	5.7159196e-009	1.058413e-009
182.51953	-1	-1	2.102283e-009	5.7801528e-009	1.0901556e-009
182.8125	-1	-1	2.1796956e-009	5.8099974e-009	1.0249789e-009
183.10547	-1	-1	2.2590776e-009	5.8308112e-009	1.007314e-009
183.39844	-1	-1	2.338589e-009	5.8395933e-009	9.9882467e-010
183.69141	-1	-1	2.4129135e-009	5.8367112e-009	9.5533116e-010
183.98438	-1	-1	2.4864255e-009	5.822596e-009	9.533354e-010
184.27734	-1	-1	2.5585011e-009	5.7977295e-009	9.3512223e-010
184.57031	-1	-1	2.6285568e-009	5.7626316e-009	8.9394696e-010
184.86328	-1	-1	2.6967925e-009	5.7266703e-009	8.6186812e-010
185.15625	-1	-1	2.7643054e-009	5.6905238e-009	8.3101167e-010
185.44922	-1	-1	2.8273303e-009	5.6434881e-009	8.0062758e-010
185.74219	-1	-1	2.8851988e-009	5.5853325e-009	7.6951119e-010
186.03516	-1	-1	2.9373112e-009	5.5083665e-009	7.443505e-010
186.32813	-1	-1	2.9823732e-009	5.4307072e-009	7.154862e-010
186.62109	-1	-1	3.0160204e-009	5.3612223e-009	6.7791932e-010
186.91406	-1	-1	3.0429761e-009	5.3014447e-009	6.4000718e-010
187.20703	-1	-1	3.0631612e-009	5.2406445e-009	6.0850385e-010
187.5	-1	-1	3.0765725e-009	5.1501888e-009	5.8294867e-010
187.79297	-1	-1	3.083276e-009	5.06161e-009	5.5221505e-010
188.08594	-1	-1	3.0939776e-009	4.9719684e-009	5.1722222e-010
188.37891	-1	-1	3.0997955e-009	4.869171e-009	4.8497776e-010
188.67188	-1	-1	3.0995778e-009	4.7570908e-009	4.5699191e-010
188.96484	-1	-1	3.0928646e-009	4.6191247e-009	4.2511693e-010
189.25781	-1	-1	3.0792314e-009	4.4756138e-009	3.9323669e-010
189.55078	-1	-1	3.0488915e-009	4.3315267e-009	3.5917474e-010
189.84375	-1	-1	3.0052127e-009	4.1832403e-009	3.1628325e-010
190.13672	-1	-1	2.9550497e-009	4.0318525e-009	2.8646568e-010
190.42969	-1	-1	2.8990062e-009	3.878305e-009	2.6758679e-010
190.72266	-1	-1	2.8377374e-009	3.7258387e-009	2.50242e-010
191.01563	-1	-1	2.7741624e-009	3.5757724e-009	2.3682646e-010
191.30859	-1	-1	2.7225171e-009	3.4431594e-009	2.2735932e-010
191.60156	-1	-1	2.6666654e-009	3.3130752e-009	2.0817786e-010
191.89453	-1	-1	2.606377e-009	3.1732993e-009	1.9182715e-010
192.1875	-1	-1	2.5415176e-009	2.9866974e-009	1.8014216e-010
192.48047	-1	-1	2.4720466e-009	2.8057807e-009	1.7153192e-010
192.77344	-1	-1	2.3918992e-009	2.6345966e-009	1.6605551e-010
193.06641	-1	-1	2.3047666e-009	2.4726583e-009	1.6684072e-010
193.35938	-1	-1	2.2185144e-009	2.3178715e-009	1.660726e-010
193.65234	-1	-1	2.1336019e-009	2.1757616e-009	1.6538636e-010
193.94531	-1	-1	2.0504222e-009	2.0465075e-009	1.6778475e-010
194.23828	-1	-1	1.9692911e-009	1.9282811e-009	1.7283609e-010
194.53125	-1	-1	1.8913724e-009	1.8315748e-009	1.844119e-010
194.82422	-1	-1	1.8145626e-009	1.7466045e-009	1.8654536e-010
195.11719	-1	-1	1.7383923e-009	1.6701977e-009	1.8046226e-010
195.41016	-1	-1	1.6630608e-009	1.5998018e-009	1.9029095e-010
195.70313	-1	-1	1.5887751e-009	1.5342801e-009	1.9470026e-010
195.99609	-1	-1	1.515772e-009	1.4731743e-009	1.7846928e-010
196.28906	-1	-1	1.4462818e-009	1.4182239e-009	1.7979614e-010
196.58203	-1	-1	1.3811731e-009	1.3691868e-009	1.9675218e-010
196.875	-1	-1	1.3199814e-009	1.3250043e-009	2.0227012e-010
197.16797	-1	-1	1.262475e-009	1.2810886e-009	2.072519e-010
197.46094	-1	-1	1.208385e-009	1.2454645e-009	2.3069303e-010
197.75391	-1	-1	1.1574038e-009	1.2165077e-009	2.4576462e-010
198.04688	-1	-1	1.1057026e-009	1.1828487e-009	2.4143032e-010
198.33984	-1	-1	1.0548868e-009	1.1534902e-009	2.4340462e-010
198.63281	-1	-1	1.0066364e-009	1.1289875e-009	2.5001913e-010
198.92578	-1	-1	9.6084496e-010	1.1235195e-009	2.5267649e-010
199.21875	-1	-1	9.1740034e-010	1.1177038e-009	2.5678067e-010
199.51172	-1	-1	8.761769e-010	1.1106176e-009	2.5737815e-010
199.80469	-1	-1	8.3743609e-010	1.0880497e-009	2.6080301e-010
200.09766	-1	-1	8.0148169e-010	1.0673884e-009	2.8797652e-010
200.39063	-1	-1	7.6754352e-010	1.0490851e-009	3.1452513e-010
200.68359	-1	-1	7.3537735e-010	1.0279438e-009	3.3773247e-010
200.97656	-1	-1	7.0475095e-010	1.0057186e-009	3.6240755e-010
201.26953	-1	-1	6.7544207e-010	9.8348094e-010	3.8214671e-010
201.5625	-1	-1	6.4724949e-010	9.6872679e-010	3.9593839e-010
201.85547	-1	-1	6.1766972e-010	9.5954371e-010	4.070348e-010
202.14844	-1	-1	5.88331e-010	9.5246966e-010	4.1535745e-010
202.44141	-1	-1	5.5946444e-010	9.4167008e-010	4.2082759e-010
202.73438	-1	-1	5.3110343e-010	9.2773892e-010	4.2703837e-010
203.02734	-1	-1	5.0330352e-010	9.1827195e-010	4.3402882e-010
203.32031	-1	-1	4.7613218e-010	9.1314317e-010	4.5321881e-010
203.61328	-1	-1	4.4984818e-010	9.084376e-010	4.6964959e-010
203.90625	-1	-1	4.2528977e-010	9.0255259e-010	4.7725568e-010
204.19922	-1	-1	4.0212275e-010	8.9551438e-010	4.8215671e-010
204.49219	-1	-1	3.8032835e-010	8.755041e-010	4.9146093e-010
204.78516	-1	-1	3.59886e-010	8.5583121e-010	4.9859635e-010
205.07813	-1	-1	3.4078036e-010	8.3921521e-010	4.9157918e-010
205.37109	-1	-1	3.2299486e-010	8.3172325e-010	4.8340106e-010
205.66406	-1	-1	3.0477756e-010	8.3051145e-010	4.8492278e-010
205.95703	-1	-1	2.8434513e-010	8.2867655e-010	4.8673904e-010
206.25	-1	-1	2.646419e-010	8.2640958e-010	4.694736e-010
206.54297	-1	-1	2.4588621e-010	8.294072e-010	4.5678346e-010
206.83594	-1	-1	2.2826366e-010	8.3535872e-010	4.5557795e-010
207.12891	-1	-1	2.1194342e-010	8.4381966e-010	4.5281565e-010
207.42188	-1	-1	1.9706069e-010	8.4873003e-010	4.5592144e-010
207.71484	-1	-1	1.848893e-010	8.4907575e-010	4.6030368e-010
208.00781	-1	-1	1.7728815e-010	8.4793973e-010	4.4905904e-010
208.30078	-1	-1	1.7121368e-010	8.4550405e-010	4.3290524e-010
208.59375	-1	-1	1.6663732e-010	8.4622842e-010	4.2130213e-010
208.88672	-1	-1	1.6352703e-010	8.4607515e-010	4.1316201e-010
209.17969	-1	-1	1.6184703e-010	8.4479422e-010	4.033298e-010
209.47266	-1	-1	1.6155961e-010	8.3982422e-010	3.9310106e-010
209.76563	-1	-1	1.626182e-010	8.3253593e-010	3.8913198e-010
210.05859	-1	-1	1.6295309e-010	8.2622256e-010	3.9031481e-010
210.35156	-1	-1	1.6390073e-010	8.2082418e-010	3.8682847e-010
210.64453	-1	-1	1.6542414e-010	8.1455811e-010	3.740445e-010
210.9375	-1	-1	1.6743302e-010	8.0699879e-010	3.6254457e-010
211.23047	-1	-1	1.6985205e-010	7.9830334e-010	3.5778791e-010
211.52344	-1	-1	1.7261827e-010	7.8826535e-010	3.517374e-010
211.81641	-1	-1	1.7569141e-010	7.7633285e-010	3.411861e-010
212.10938	-1	-1	1.8043779e-010	7.6460111e-010	3.2748618e-010
212.40234	-1	-1	1.8747961e-010	7.530329e-010	3.229141e-010
212.69531	-1	-1	1.9473675e-010	7.4111791e-010	3.2380878e-010
212.98828	-1	-1	2.0208586e-010	7.2745476e-010	3.1468377e-010
213.28125	-1	-1	2.0940404e-010	7.1260837e-010	2.9420534e-010
213.57422	-1	-1	2.1657112e-010	6.9676911e-010	2.8086666e-010
213.86719	-1	-1	2.2347141e-010	6.7535179e-010	2.9057573e-010
214.16016	-1	-1	2.2999545e-010	6.4780236e-010	3.0231565e-010
214.45313	-1	-1	2.3530585e-010	6.1911595e-010	3.0282497e-010
214.74609	-1	-1	2.3958655e-010	5.8991173e-010	3.0420973e-010
215.03906	-1	-1	2.4329673e-010	5.6769442e-010	3.0237982e-010
215.33203	-1	-1	2.4642738e-010	5.5342859e-010	2.9584528e-010
215.625	-1	-1	2.4898206e-010	5.4325447e-010	2.8834659e-010
215.91797	-1	-1	2.5097524e-010	5.3698878e-010	2.8165176e-010
216.21094	-1	-1	2.5242848e-010	5.2307639e-010	2.7454937e-010
216.50391	-1	-1	2.533704e-010	5.0413686e-010	2.7057575e-010
216.79688	-1	-1	2.5397317e-010	4.8640833e-010	2.6719126e-010
217.08984	-1	-1	2.5401795e-010	4.7009096e-010	2.6446351e-010
217.38281	-1	-1	2.5333182e-010	4.5921872e-010	2.6302364e-010
217.67578	-1	-1	2.5194563e-010	4.5203714e-010	2.6211942e-010
217.96875	-1	-1	2.4990044e-010	4.4576074e-010	2.5900931e-010
218.26172	-1	-1	2.4724601e-010	4.4035233e-010	2.5600934e-010
218.55469	-1	-1	2.4403969e-010	4.346472e-010	2.5076592e-010
218.84766	-1	-1	2.403451e-010	4.2846329e-010	2.4412478e-010
219.14063	-1	-1	2.3624987e-010	4.229262e-010	2.3730644e-010
219.43359	-1	-1	2.3189478e-010	4.1800428e-010	2.2711984e-010
219.72656	-1	-1	2.2725433e-010	4.1585372e-010	2.1372534e-010
220.01953	-1	-1	2.223937e-010	4.1872709e-010	2.0201883e-010
220.3125	-1	-1	2.1737708e-010	4.2116489e-010	-1
220.60547	-1	-1	2.1226653e-010	4.2285322e-010	-1
220.89844	-1	-1	2.0712123e-010	4.2352798e-010	-1
221.19141	-1	-1	2.019964e-010	4.2374295e-010	-1
221.48438	-1	-1	1.9764956e-010	4.2367409e-010	-1
221.77734	-1	-1	2.0387263e-010	4.2309778e-010	-1
222.07031	-1	-1	1.991024e-010	4.2182129e-010	-1
222.36328	-1	-1	1.9290404e-010	4.1765475e-010	-1
222.65625	-1	-1	1.8520935e-010	4.1207395e-010	-1
222.94922	-1	-1	1.7741032e-010	4.0599306e-010	-1
223.24219	-1	-1	1.7796161e-010	3.9947556e-010	-1
223.53516	-1	-1	1.7353386e-010	3.9010844e-010	-1
223.82813	-1	-1	1.6859467e-010	3.7507123e-010	-1
224.12109	-1	-1	1.6348905e-010	3.6078151e-010	-1
224.41406	-1	-1	1.6478742e-010	3.4769837e-010	-1
224.70703	-1	-1	1.6326131e-010	3.3621676e-010	-1
225	-1	-1	1.6226885e-010	3.3315115e-010	-1
225.29297	-1	-1	1.6172316e-010	3.3206662e-010	-1
225.58594	-1	-1	1.6152541e-010	3.3098602e-010	-1
225.87891	-1	-1	1.6156898e-010	3.2972034e-010	-1
226.17188	-1	-1	1.6174106e-010	3.2818375e-010	-1
226.46484	-1	-1	1.619267e-010	3.2673626e-010	-1
226.75781	-1	-1	1.604259e-010	3.2496855e-010	-1
227.05078	-1	-1	1.5803249e-010	3.2257334e-010	-1
227.34375	-1	-1	1.5578702e-010	3.1928234e-010	-1
227.63672	-1	-1	1.5371239e-010	3.103188e-010	-1
227.92969	-1	-1	1.5182463e-010	2.9798013e-010	-1
228.22266	-1	-1	1.501324e-010	2.8678638e-010	-1
228.51563	-1	-1	1.4863655e-010	2.7702004e-010	-1
228.80859	-1	-1	1.4732999e-010	2.6891014e-010	-1
229.10156	-1	-1	1.4619785e-010	-1	-1
229.39453	-1	-1	1.4521788e-010	-1	-1
229.6875	-1	-1	1.4500642e-010	-1	-1
229.98047	-1	-1	1.449887e-010	-1	-1
230.27344	-1	-1	-1	-1	-1
230.56641	-1	-1	-1	-1	-1
230.85938	-1	-1	-1	-1	-1
231.15234	-1	-1	-1	-1	-1
231.44531	-1	-1	-1	-1	-1
231.73828	-1	-1	-1	-1	-1
232.03125	-1	-1	-1	-1	-1
232.32422	-1	-1	-1	-1	-1
232.61719	-1	-1	-1	-1	-1
232.91016	-1	-1	-1	-1	-1
233.20313	-1	-1	-1	-1	-1
233.49609	-1	-1	-1	-1	-1
233.78906	-1	-1	-1	-1	-1
234.08203	-1	-1	-1	-1	-1
234.375	-1	-1	-1	-1	-1
234.66797	-1	-1	-1	-1	-1
234.96094	-1	-1	-1	-1	-1
235.25391	-1	-1	-1	-1	-1
235.54688	-1	-1	-1	-1	-1
235.83984	-1	-1	-1	-1	-1
236.13281	-1	-1	-1	-1	-1
236.42578	-1	-1	-1	-1	-1
236.71875	-1	-1	-1	-1	-1
237.01172	-1	-1	-1	-1	-1
237.30469	-1	-1	-1	-1	-1
237.59766	-1	-1	-1	-1	-1
237.89063	-1	-1	-1	-1	-1
238.18359	-1	-1	-1	-1	-1
238.47656	-1	-1	-1	-1	-1
238.76953	-1	-1	-1	-1	-1
239.0625	-1	-1	-1	-1	-1
239.35547	-1	-1	-1	-1	-1
239.64844	-1	-1	-1	-1	-1
239.94141	-1	-1	-1	-1	-1
240.23438	-1	-1	-1	-1	-1
240.52734	-1	-1	-1	-1	-1
240.82031	-1	-1	-1	-1	-1
241.11328	-1	-1	-1	-1	-1
241.40625	-1	-1	-1	-1	-1
241.69922	-1	-1	-1	-1	-1
241.99219	-1	-1	-1	-1	-1
242.28516	-1	-1	-1	-1	-1
242.57813	-1	-1	-1	-1	-1
242.87109	-1	-1	-1	-1	-1
243.16406	-1	-1	-1	-1	-1
243.45703	-1	-1	-1	-1	-1
243.75	-1	-1	-1	-1	-1
244.04297	-1	-1	-1	-1	-1
244.33594	-1	-1	-1	-1	-1
244.62891	-1	-1	-1	-1	-1
244.92188	-1	-1	-1	-1	-1
245.21484	-1	-1	-1	-1	-1
245.50781	-1	-1	-1	-1	-1
245.80078	-1	-1	-1	-1	-1
246.09375	-1	-1	-1	-1	-1
246.38672	-1	-1	-1	-1	-1
246.67969	-1	-1	-1	-1	-1
246.97266	-1	-1	-1	-1	-1
247.26563	-1	-1	-1	-1	-1
247.55859	-1	-1	-1	-1	-1
247.85156	-1	-1	-1	-1	-1
248.14453	-1	-1	-1	-1	-1
248.4375	-1	-1	-1	-1	-1
248.73047	-1	-1	-1	-1	-1
249.02344	-1	-1	-1	-1	-1
249.31641	-1	-1	-1	-1	-1
249.60938	-1	-1	-1	-1	-1
249.90234	-1	-1	-1	-1	-1
250.19531	-1	-1	-1	-1	-1
250.48828	-1	-1	-1	-1	-1
250.78125	-1	-1	-1	-1	-1
251.07422	-1	-1	-1	-1	-1
251.36719	-1	-1	-1	-1	-1
251.66016	-1	-1	-1	-1	-1
251.95313	-1	-1	-1	-1	-1
252.24609	-1	-1	-1	-1	-1
252.53906	-1	-1	-1	-1	-1
252.83203	-1	-1	-1	-1	-1
253.125	-1	-1	-1	-1	-1
253.41797	-1	-1	-1	-1	-1
253.71094	-1	-1	-1	-1	-1
254.00391	-1	-1	-1	-1	-1
254.29688	-1	-1	-1	-1	-1
254.58984	-1	-1	-1	-1	-1
254.88281	-1	-1	-1	-1	-1
255.17578	-1	-1	-1	-1	-1
255.46875	-1	-1	-1	-1	-1
255.76172	-1	-1	-1	-1	-1
256.05469	-1	-1	-1	-1	-1
256.34766	-1	-1	-1	-1	-1
256.64063	-1	-1	-1	-1	-1
256.93359	-1	-1	-1	-1	-1
257.22656	-1	-1	-1	-1	-1
257.51953	-1	-1	-1	-1	-1
257.8125	-1	-1	-1	-1	-1
258.10547	-1	-1	-1	-1	-1
258.39844	-1	-1	-1	-1	-1
258.69141	-1	-1	-1	-1	-1
258.98438	-1	-1	-1	-1	-1
259.27734	-1	-1	-1	-1	-1
259.57031	-1	-1	-1	-1	-1
259.86328	-1	-1	-1	-1	-1
260.15625	-1	-1	-1	-1	-1
260.44922	-1	-1	-1	-1	-1
260.74219	-1	-1	-1	-1	-1
261.03516	-1	-1	-1	-1	-1
261.32813	-1	-1	-1	-1	-1
261.62109	-1	-1	-1	-1	-1
261.91406	-1	-1	-1	-1	-1
262.20703	-1	-1	-1	-1	-1
262.5	-1	-1	-1	-1	-1
262.79297	-1	-1	-1	-1	-1
263.08594	-1	-1	-1	-1	-1
263.37891	-1	-1	-1	-1	-1
263.67188	-1	-1	-1	-1	-1
263.96484	-1	-1	-1	-1	-1
264.25781	-1	-1	-1	-1	-1
264.55078	-1	-1	-1	-1	-1
264.84375	-1	-1	-1	-1	-1
265.13672	-1	-1	-1	-1	-1
265.42969	-1	-1	-1	-1	-1
265.72266	-1	-1	-1	-1	-1
266.01563	-1	-1	-1	-1	-1
266.30859	-1	-1	-1	-1	-1
266.60156	-1	-1	-1	-1	-1
266.89453	-1	-1	-1	-1	-1
267.1875	-1	-1	-1	-1	-1
267.48047	-1	-1	-1	-1	-1
267.77344	-1	-1	-1	-1	-1
268.06641	-1	-1	-1	-1	-1
268.35938	-1	-1	-1	-1	-1
268.65234	-1	-1	-1	-1	-1
268.94531	-1	-1	-1	-1	-1
269.23828	-1	-1	-1	-1	-1
269.53125	-1	-1	-1	-1	-1
269.82422	-1	-1	-1	-1	-1
270.11719	-1	-1	-1	-1	-1
270.41016	-1	-1	-1	-1	-1
270.70313	-1	-1	-1	-1	-1
270.99609	-1	-1	-1	-1	-1
271.28906	-1	-1	-1	-1	-1
271.58203	-1	-1	-1	-1	-1
271.875	-1	-1	-1	-1	-1
272.16797	-1	-1	-1	-1	-1
272.46094	-1	-1	-1	-1	-1
272.75391	-1	-1	-1	-1	-1
273.04688	-1	-1	-1	-1	-1
273.33984	-1	-1	-1	-1	-1
273.63281	-1	-1	-1	-1	-1
273.92578	-1	-1	-1	-1	-1
274.21875	-1	-1	-1	-1	-1
274.51172	-1	-1	-1	-1	-1
274.80469	-1	-1	-1	-1	-1
275.09766	-1	-1	-1	-1	-1
275.39063	-1	-1	-1	-1	-1
275.68359	-1	-1	-1	-1	-1
275.97656	-1	-1	-1	-1	-1
276.26953	-1	-1	-1	-1	-1
276.5625	-1	-1	-1	-1	-1
276.85547	-1	-1	-1	-1	-1
277.14844	-1	-1	-1	-1	-1
277.44141	-1	-1	-1	-1	-1
277.73438	-1	-1	-1	-1	-1
278.02734	-1	-1	-1	-1	-1
278.32031	-1	-1	-1	-1	-1
278.61328	-1	-1	-1	-1	-1
278.90625	-1	-1	-1	-1	-1
279.19922	-1	-1	-1	-1	-1
279.49219	-1	-1	-1	-1	-1
279.78516	-1	-1	-1	-1	-1
280.07813	-1	-1	-1	-1	-1
280.37109	-1	-1	-1	-1	-1
280.66406	-1	-1	-1	-1	-1
280.95703	-1	-1	-1	-1	-1
281.25	-1	-1	-1	-1	-1
281.54297	-1	-1	-1	-1	-1
281.83594	-1	-1	-1	-1	-1
282.12891	-1	-1	-1	-1	-1
282.42188	-1	-1	-1	-1	-1
282.71484	-1	-1	-1	-1	-1
283.00781	-1	-1	-1	-1	-1
283.30078	-1	-1	-1	-1	-1
283.59375	-1	-1	-1	-1	-1
283.88672	-1	-1	-1	-1	-1
284.17969	-1	-1	-1	-1	-1
284.47266	-1	-1	-1	-1	-1
284.76563	-1	-1	-1	-1	-1
285.05859	-1	-1	-1	-1	-1
285.35156	-1	-1	-1	-1	-1
285.64453	-1	-1	-1	-1	-1
285.9375	-1	-1	-1	-1	-1
286.23047	-1	-1	-1	-1	-1
286.52344	-1	-1	-1	-1	-1
286.81641	-1	-1	-1	-1	-1
287.10938	-1	-1	-1	-1	-1
287.40234	-1	-1	-1	-1	-1
287.69531	-1	-1	-1	-1	-1
287.98828	-1	-1	-1	-1	-1
288.28125	-1	-1	-1	-1	-1
288.57422	-1	-1	-1	-1	-1
288.86719	-1	-1	-1	-1	-1
289.16016	-1	-1	-1	-1	-1
289.45313	-1	-1	-1	-1	-1
289.74609	-1	-1	-1	-1	-1
290.03906	-1	-1	-1	-1	-1
290.33203	-1	-1	-1	-1	-1
290.625	-1	-1	-1	-1	-1
290.91797	-1	-1	-1	-1	-1
291.21094	-1	-1	-1	-1	-1
291.50391	-1	-1	-1	-1	-1
291.79688	-1	-1	-1	-1	-1
292.08984	-1	-1	-1	-1	-1
292.38281	-1	-1	-1	-1	-1
292.67578	-1	-1	-1	-1	-1
292.96875	-1	-1	-1	-1	-1
293.26172	-1	-1	-1	-1	-1
293.55469	-1	-1	-1	-1	-1
293.84766	-1	-1	-1	-1	-1
294.14063	-1	-1	-1	-1	-1
294.43359	-1	-1	-1	-1	-1
294.72656	-1	-1	-1	-1	-1
295.01953	-1	-1	-1	-1	-1
295.3125	-1	-1	-1	-1	-1
295.60547	-1	-1	-1	-1	-1
295.89844	-1	-1	-1	-1	-1
296.19141	-1	-1	-1	-1	-1
296.48438	-1	-1	-1	-1	-1
296.77734	-1	-1	-1	-1	-1
297.07031	-1	-1	-1	-1	-1
297.36328	-1	-1	-1	-1	-1
297.65625	-1	-1	-1	-1	-1
297.94922	-1	-1	-1	-1	-1
298.24219	-1	-1	-1	-1	-1
298.53516	-1	-1	-1	-1	-1
298.82813	-1	-1	-1	-1	-1
299.12109	-1	-1	-1	-1	-1
299.41406	-1	-1	-1	-1	-1
299.70703	-1	-1	-1	-1	-1
300	-1	-1	-1	-1	-1
