45.117188	-1	-1	-1	-1
45.410156	-1	-1	-1	-1
45.703125	-1	-1	-1	-1
45.996094	-1	-1	-1	-1
46.289063	-1	-1	-1	-1
46.582031	-1	-1	-1	-1
46.875	-1	-1	-1	-1
47.167969	-1	-1	-1	-1
47.460938	-1	-1	-1	-1
47.753906	1.160525e-010	-1	-1	-1
48.046875	1.4024493e-010	-1	-1	-1
48.339844	1.6640158e-010	-1	-1	-1
48.632813	1.9901271e-010	-1	-1	-1
48.925781	2.3506087e-010	-1	-1	-1
49.21875	2.7525375e-010	-1	-1	-1
49.511719	3.2222296e-010	-1	-1	-1
49.804688	3.7529038e-010	-1	-1	-1
50.097656	4.4011332e-010	-1	-1	-1
50.390625	5.0782938e-010	-1	-1	-1
50.683594	5.6779889e-010	-1	-1	-1
50.976563	6.9714196e-010	-1	-1	-1
51.269531	7.3140116e-010	-1	-1	-1
51.5625	8.9102165e-010	-1	-1	-1
51.855469	9.6855043e-010	-1	-1	-1
52.148438	1.0514899e-009	-1	-1	-1
52.441406	1.1360799e-009	-1	-1	-1
52.734375	1.2247093e-009	-1	-1	-1
53.027344	1.3083945e-009	-1	-1	-1
53.320313	1.4424232e-009	1.8505134e-009	-1	-1
53.613281	1.6270837e-009	1.4147105e-009	-1	-1
53.90625	1.7733783e-009	1.7257732e-009	-1	-1
54.199219	1.9075508e-009	2.782464e-009	-1	-1
54.492188	2.0397397e-009	2.1796143e-009	-1	-1
54.785156	2.1654397e-009	4.1073623e-009	-1	-1
55.078125	2.2864476e-009	4.3088795e-009	-1	-1
55.371094	2.4029509e-009	4.6103294e-009	-1	-1
55.664063	2.5056913e-009	4.8234886e-009	-1	-1
55.957031	2.5983461e-009	4.9731876e-009	-1	-1
56.25	2.6869865e-009	5.2457723e-009	-1	-1
56.542969	2.7642121e-009	5.580206e-009	-1	-1
56.835938	2.8341094e-009	6.000786e-009	-1	-1
57.128906	2.898601e-009	6.0068329e-009	-1	-1
57.421875	2.9556626e-009	6.0799085e-009	-1	-1
57.714844	3.0054344e-009	6.1540382e-009	-1	-1
58.007813	3.0482537e-009	6.2181881e-009	-1	-1
58.300781	3.0786047e-009	6.5206336e-009	-1	-1
58.59375	3.0994146e-009	6.6532062e-009	-1	-1
58.886719	3.1126537e-009	6.8717817e-009	-1	-1
59.179688	3.1215814e-009	6.9610061e-009	-1	-1
59.472656	3.1256121e-009	6.9523221e-009	-1	-1
59.765625	3.1228425e-009	7.0416461e-009	-1	-1
60.058594	3.1156299e-009	7.2075208e-009	-1	-1
60.351563	3.113868e-009	7.209538e-009	-1	-1
60.644531	3.1087772e-009	7.3600895e-009	-1	-1
60.9375	3.1000121e-009	7.3162715e-009	-1	-1
61.230469	3.0809531e-009	7.4594945e-009	-1	-1
61.523438	3.054869e-009	7.7358724e-009	-1	-1
61.816406	3.0265134e-009	7.9171596e-009	-1	-1
62.109375	2.995896e-009	8.0050739e-009	-1	-1
62.402344	2.9494385e-009	8.1208894e-009	-1	-1
62.695313	2.8965861e-009	8.1692167e-009	-1	-1
62.988281	2.8409679e-009	8.3711297e-009	-1	-1
63.28125	2.7834731e-009	8.4988151e-009	-1	-1
63.574219	2.7803236e-009	8.6018507e-009	-1	-1
63.867188	2.7504275e-009	8.8704892e-009	-1	-1
64.160156	2.6339838e-009	9.1503291e-009	-1	-1
64.453125	2.5652458e-009	9.2193662e-009	-1	-1
64.746094	2.554978e-009	9.3811166e-009	-1	-1
65.039063	2.5205812e-009	9.5978123e-009	-1	-1
65.332031	2.3896581e-009	9.7856739e-009	-1	-1
65.625	2.4628797e-009	9.9424851e-009	-1	-1
65.917969	2.4373586e-009	1.0066298e-008	-1	-1
66.210938	2.3953399e-009	1.0155469e-008	-1	-1
66.503906	2.3455462e-009	1.0221678e-008	-1	-1
66.796875	2.1824858e-009	1.0257795e-008	-1	-1
67.089844	2.2649789e-009	1.0181516e-008	-1	-1
67.382813	2.257735e-009	1.0194438e-008	-1	-1
67.675781	2.1975003e-009	1.0217395e-008	-1	-1
67.96875	2.2324548e-009	1.0178823e-008	-1	-1
68.261719	2.2279789e-009	9.9902252e-009	-1	-1
68.554688	2.2265651e-009	9.9329874e-009	-1	-1
68.847656	2.2276731e-009	9.9047304e-009	-1	-1
69.140625	2.2307555e-009	9.7459375e-009	-1	-1
69.433594	2.2352419e-009	9.6505344e-009	-1	-1
69.726563	2.2417493e-009	9.5643501e-009	-1	-1
70.019531	2.2502632e-009	9.3751375e-009	-1	-1
70.3125	2.2601781e-009	9.1730519e-009	-1	-1
70.605469	2.2708815e-009	9.0371451e-009	-1	-1
70.898438	2.2818111e-009	8.8835385e-009	-1	-1
71.191406	2.2924275e-009	8.6655036e-009	-1	-1
71.484375	2.2976558e-009	8.5263283e-009	-1	-1
71.777344	2.3032171e-009	8.5121037e-009	-1	-1
72.070313	2.3091559e-009	8.5061012e-009	-1	-1
72.363281	2.3152212e-009	8.4612206e-009	-1	-1
72.65625	2.3211787e-009	8.4192351e-009	-1	-1
72.949219	2.3268216e-009	8.485926e-009	-1	-1
73.242188	2.331971e-009	8.467131e-009	-1	-1
73.535156	2.3319247e-009	8.4002994e-009	-1	-1
73.828125	2.3316626e-009	8.3898292e-009	-1	-1
74.121094	2.3313871e-009	8.4192087e-009	-1	-1
74.414063	2.3311278e-009	8.3669859e-009	-1	-1
74.707031	2.3309205e-009	8.3348716e-009	-1	-1
75	2.3308056e-009	8.4359306e-009	-1	-1
75.292969	2.3308254e-009	8.5706914e-009	-1	-1
75.585938	2.3287714e-009	8.6642159e-009	-1	-1
75.878906	2.3225144e-009	8.6648047e-009	-1	-1
76.171875	2.3167322e-009	8.7125864e-009	-1	-1
76.464844	2.3116603e-009	8.8373113e-009	-1	-1
76.757813	2.3075152e-009	8.9373086e-009	7.8040707e-010	-1
77.050781	2.3044889e-009	8.9893231e-009	7.8474759e-010	-1
77.34375	2.3027411e-009	9.0212967e-009	7.8932052e-010	-1
77.636719	2.3023978e-009	9.0567497e-009	7.9962058e-010	-1
77.929688	2.3035456e-009	9.0595716e-009	7.7945055e-010	-1
78.222656	2.2996645e-009	9.0016271e-009	7.3559889e-010	-1
78.515625	2.2965601e-009	8.9645023e-009	6.9619025e-010	-1
78.808594	2.2947228e-009	8.9840011e-009	6.8366453e-010	-1
79.101563	2.2943076e-009	9.0622311e-009	6.7012388e-010	-1
79.394531	2.2954272e-009	9.0827167e-009	6.5419134e-010	-1
79.6875	2.2981488e-009	9.1384324e-009	6.2030252e-010	-1
79.980469	2.3024915e-009	9.2316574e-009	3.8491923e-010	-1
80.273438	2.3084234e-009	9.3002857e-009	4.7069265e-010	-1
80.566406	2.3158611e-009	9.3795617e-009	3.9925154e-010	-1
80.859375	2.3226026e-009	9.5055813e-009	4.1930547e-010	-1
81.152344	2.3285232e-009	9.6561827e-009	3.9919991e-010	-1
81.445313	2.3342351e-009	9.8064387e-009	4.4063025e-010	-1
81.738281	2.3396115e-009	9.8349453e-009	5.3448616e-010	-1
82.03125	2.3445159e-009	9.884496e-009	6.7663465e-010	-1
82.324219	2.3488081e-009	9.9623947e-009	8.3951195e-010	-1
82.617188	2.3523321e-009	1.0016416e-008	1.077242e-009	-1
82.910156	2.3549302e-009	1.0057308e-008	1.3257304e-009	-1
83.203125	2.3564413e-009	1.0015438e-008	1.6553496e-009	-1
83.496094	2.3567041e-009	1.0032401e-008	2.0041696e-009	-1
83.789063	2.3565526e-009	1.013218e-008	2.4564935e-009	-1
84.082031	2.3554685e-009	1.0178128e-008	3.0669213e-009	-1
84.375	2.3510716e-009	1.0209652e-008	3.614322e-009	-1
84.667969	2.3431928e-009	1.0235229e-008	4.3079696e-009	-1
84.960938	2.3317097e-009	1.0274389e-008	4.9866212e-009	-1
85.253906	2.316547e-009	1.0422671e-008	5.8306649e-009	-1
85.546875	2.2976867e-009	1.0560011e-008	6.6971076e-009	-1
85.839844	2.2751634e-009	1.0635404e-008	7.6736113e-009	-1
86.132813	2.2490474e-009	1.0703622e-008	8.6796611e-009	-1
86.425781	2.2194688e-009	1.0732424e-008	9.614166e-009	-1
86.71875	2.1865988e-009	1.0776088e-008	1.057623e-008	-1
87.011719	2.1506361e-009	1.0809774e-008	1.1423011e-008	-1
87.304688	2.115732e-009	1.0815446e-008	1.2353109e-008	-1
87.597656	2.0792581e-009	1.0793067e-008	1.3232282e-008	-1
87.890625	2.0402729e-009	1.0759386e-008	1.4315652e-008	-1
88.183594	1.9989381e-009	1.0675595e-008	1.5178219e-008	-1
88.476563	1.9554286e-009	1.0584867e-008	1.6018653e-008	-1
88.769531	1.9099661e-009	1.0450352e-008	1.6609265e-008	-1
89.0625	1.8627693e-009	1.0321848e-008	1.6892792e-008	-1
89.355469	1.8140978e-009	1.0240543e-008	1.7244792e-008	-1
89.648438	1.7642086e-009	1.0184277e-008	1.7357265e-008	-1
89.941406	1.7133832e-009	1.0075358e-008	1.7489734e-008	-1
90.234375	1.6618994e-009	9.957978e-009	1.7601111e-008	-1
90.527344	1.6100469e-009	9.8790854e-009	1.7646808e-008	-1
90.820313	1.5581063e-009	9.8269081e-009	1.7734198e-008	-1
91.113281	1.5082936e-009	9.7859885e-009	1.7668441e-008	-1
91.40625	1.460156e-009	9.7712484e-009	1.751596e-008	-1
91.699219	1.4128402e-009	9.7673461e-009	1.7327189e-008	-1
91.992188	1.3664648e-009	9.7104077e-009	1.7103864e-008	-1
92.285156	1.3211492e-009	9.6527504e-009	1.6799007e-008	-1
92.578125	1.2769848e-009	9.5598178e-009	1.6535249e-008	-1
92.871094	1.2340615e-009	9.4291825e-009	1.6115173e-008	-1
93.164063	1.1924485e-009	9.2948307e-009	1.5880257e-008	-1
93.457031	1.1522034e-009	9.2162222e-009	1.5566839e-008	-1
93.75	1.1133736e-009	9.1322087e-009	1.5498126e-008	-1
94.042969	1.0759863e-009	9.0124368e-009	1.5308875e-008	-1
94.335938	1.0400637e-009	8.8639543e-009	1.5263092e-008	-1
94.628906	1.0056105e-009	8.7044459e-009	1.4928098e-008	-1
94.921875	9.7262032e-010	8.4822504e-009	1.4764176e-008	-1
95.214844	9.4108147e-010	8.2608596e-009	1.4390195e-008	-1
95.507813	9.1112066e-010	8.0514832e-009	1.4361093e-008	-1
95.800781	8.8282475e-010	7.8654019e-009	1.44728e-008	-1
96.09375	8.5606422e-010	7.6909902e-009	1.4539645e-008	-1
96.386719	8.30758e-010	7.4985591e-009	1.4560317e-008	-1
96.679688	8.0682146e-010	7.2948577e-009	1.4533876e-008	-1
96.972656	7.8416719e-010	7.0947661e-009	1.4424603e-008	-1
97.265625	7.6270085e-010	6.9218407e-009	1.4180923e-008	-1
97.558594	7.4232731e-010	6.7556586e-009	1.3816885e-008	-1
97.851563	7.2295242e-010	6.5936359e-009	1.3498096e-008	-1
98.144531	7.0448348e-010	6.4345734e-009	1.3170083e-008	-1
98.4375	6.8682734e-010	6.2962421e-009	1.2899396e-008	-1
98.730469	6.6989604e-010	6.1716068e-009	1.2478916e-008	-1
99.023438	6.5360711e-010	5.9979331e-009	1.2244453e-008	-1
99.316406	6.3788276e-010	5.837784e-009	1.1848027e-008	-1
99.609375	6.2264934e-010	5.6929545e-009	1.1450295e-008	-1
99.902344	6.078411e-010	5.5652316e-009	1.1125821e-008	-1
100.19531	5.9339931e-010	5.4520087e-009	1.0780057e-008	-1
100.48828	5.7927432e-010	5.354069e-009	1.0495562e-008	-1
100.78125	5.65529e-010	5.2944819e-009	1.0432579e-008	-1
101.07422	5.5222114e-010	5.2559679e-009	1.0347667e-008	-1
101.36719	5.3930759e-010	5.2369081e-009	1.0231501e-008	-1
101.66016	5.2675064e-010	5.2073555e-009	1.0085062e-008	-1
101.95313	5.1452016e-010	5.1888611e-009	9.9097259e-009	-1
102.24609	5.025874e-010	5.1899662e-009	9.7103538e-009	-1
102.53906	4.9093049e-010	5.2025619e-009	9.5353624e-009	-1
102.83203	4.795327e-010	5.22545e-009	9.4221267e-009	-1
103.125	4.6838183e-010	5.2667822e-009	9.3469658e-009	-1
103.41797	4.5746977e-010	5.3269938e-009	9.2655787e-009	-1
103.71094	4.4679295e-010	5.4098983e-009	9.2599287e-009	-1
104.00391	4.3635017e-010	5.509234e-009	9.2887681e-009	-1
104.29688	4.2614165e-010	5.6240164e-009	9.2519663e-009	-1
104.58984	4.1617067e-010	5.7463327e-009	9.2890697e-009	-1
104.88281	4.06442e-010	5.8693742e-009	9.3320697e-009	-1
105.17578	3.9696131e-010	5.9949449e-009	9.2821865e-009	-1
105.46875	3.8773469e-010	6.1225481e-009	9.3250394e-009	-1
105.76172	3.7876816e-010	6.2516744e-009	9.3930393e-009	-1
106.05469	3.700672e-010	6.3817971e-009	9.4109607e-009	-1
106.34766	3.6163634e-010	6.5123683e-009	9.445086e-009	-1
106.64063	3.5340114e-010	6.6428173e-009	9.4815694e-009	-1
106.93359	3.453635e-010	6.77255e-009	9.5934042e-009	-1
107.22656	3.376848e-010	6.9009501e-009	9.5818519e-009	-1
107.51953	3.303606e-010	7.039669e-009	9.6382663e-009	-1
107.8125	3.2338423e-010	7.2042589e-009	9.8253878e-009	-1
108.10547	3.167468e-010	7.3706501e-009	1.000249e-008	-1
108.39844	3.1043733e-010	7.5377087e-009	1.0168616e-008	-1
108.69141	3.0444284e-010	7.6971523e-009	1.0322815e-008	-1
108.98438	2.9874855e-010	7.8493173e-009	1.0464155e-008	-1
109.27734	2.9333802e-010	7.993199e-009	1.0642628e-008	1.2627058e-010
109.57031	2.8819342e-010	8.1287888e-009	1.0935455e-008	1.7339654e-010
109.86328	2.8329574e-010	8.2622884e-009	1.1041472e-008	2.3290872e-010
110.15625	2.7862506e-010	8.3925357e-009	1.1238182e-008	3.1927337e-010
110.44922	2.7416081e-010	8.5184379e-009	1.1460664e-008	4.319166e-010
110.74219	2.6988206e-010	8.6276353e-009	1.1667796e-008	5.7151801e-010
111.03516	2.6576779e-010	8.6976698e-009	1.187812e-008	7.5039349e-010
111.32813	2.6179715e-010	8.7649182e-009	1.2077018e-008	9.5723436e-010
111.62109	2.5794974e-010	8.8299341e-009	1.2302799e-008	1.179787e-009
111.91406	2.5420584e-010	8.8923615e-009	1.2576452e-008	1.4883944e-009
112.20703	2.5054665e-010	8.9439429e-009	1.2666143e-008	1.8516025e-009
112.5	2.4695451e-010	8.9843692e-009	1.2897596e-008	2.2679568e-009
112.79297	2.4341306e-010	9.0136453e-009	1.3173077e-008	2.7455784e-009
113.08594	2.3990739e-010	9.0318867e-009	1.3415859e-008	3.2797935e-009
113.37891	2.364242e-010	9.0541876e-009	1.3612262e-008	3.8485365e-009
113.67188	2.2560297e-010	9.0678464e-009	1.3990259e-008	4.5090698e-009
113.96484	2.2647619e-010	9.0712597e-009	1.4366776e-008	5.2706988e-009
114.25781	2.2069439e-010	9.0635708e-009	1.4732029e-008	6.0209267e-009
114.55078	1.8219642e-010	9.0315192e-009	1.5072907e-008	6.9372412e-009
114.84375	1.76279e-010	8.9818717e-009	1.5473587e-008	7.8443502e-009
115.13672	2.1465551e-010	8.9241624e-009	1.5855418e-008	8.8454291e-009
115.42969	1.9419322e-010	8.8583598e-009	1.6150756e-008	9.8548025e-009
115.72266	1.8441841e-010	8.7828085e-009	1.6408908e-008	1.0868784e-008
116.01563	1.7342915e-010	8.6769792e-009	1.6786345e-008	1.1782326e-008
116.30859	1.612095e-010	8.5622648e-009	1.6956483e-008	1.2327062e-008
116.60156	1.5814134e-010	8.4395227e-009	1.7095455e-008	1.2344223e-008
116.89453	1.7320164e-010	8.3096617e-009	1.7275112e-008	1.2325875e-008
117.1875	1.8336866e-010	8.1704352e-009	1.7478724e-008	1.2272463e-008
117.48047	1.784122e-010	8.0210148e-009	1.7641616e-008	1.2184717e-008
117.77344	1.6210299e-010	7.8674711e-009	1.7764457e-008	1.2682254e-008
118.06641	1.4477326e-010	7.7107764e-009	1.7847617e-008	1.3463779e-008
118.35938	1.4257367e-010	7.551881e-009	1.7891705e-008	1.4111021e-008
118.65234	1.4646679e-010	7.3866116e-009	1.7897552e-008	1.4859021e-008
118.94531	1.5191201e-010	7.2157565e-009	1.7953914e-008	1.5455449e-008
119.23828	1.5609076e-010	7.0446934e-009	1.8060384e-008	1.6013586e-008
119.53125	1.5045008e-010	6.8743792e-009	1.8187071e-008	1.6320124e-008
119.82422	1.279295e-010	6.705718e-009	1.8213957e-008	1.6572615e-008
120.11719	1.5140822e-010	6.5450161e-009	1.8280977e-008	1.6553988e-008
120.41016	1.3097608e-010	6.394227e-009	1.8355782e-008	1.6580089e-008
120.70313	1.2286251e-010	6.2476655e-009	1.84229e-008	1.6318148e-008
120.99609	1.1613304e-010	6.1051368e-009	1.8424537e-008	1.6214587e-008
121.28906	1.379521e-010	5.9663932e-009	1.8398062e-008	1.5889381e-008
121.58203	1.2747121e-010	5.8274066e-009	1.8303304e-008	1.5745337e-008
121.875	1.3229379e-010	5.6825764e-009	1.8167496e-008	1.5466768e-008
122.16797	1.2945059e-010	5.5461426e-009	1.8042712e-008	1.5344379e-008
122.46094	1.2666248e-010	5.4178101e-009	1.7839753e-008	1.519513e-008
122.75391	1.239285e-010	5.2971462e-009	1.7605234e-008	1.5016919e-008
123.04688	1.2124762e-010	5.1835978e-009	1.7341394e-008	1.4809103e-008
123.33984	1.18951e-010	5.0605741e-009	1.7085482e-008	1.4603919e-008
123.63281	1.1671663e-010	4.9358058e-009	1.6855131e-008	1.448855e-008
123.92578	1.1451351e-010	4.8136421e-009	1.663748e-008	1.421325e-008
124.21875	1.12342e-010	4.6941754e-009	1.6434537e-008	1.3992511e-008
124.51172	1.1020311e-010	4.5775077e-009	1.624731e-008	1.3642174e-008
124.80469	1.0809863e-010	4.4648675e-009	1.6104303e-008	1.3501911e-008
125.09766	1.0603126e-010	4.3662648e-009	1.5982091e-008	1.3180954e-008
125.39063	1.0400468e-010	4.2687847e-009	1.5790196e-008	1.3052128e-008
125.68359	1.0202361e-010	4.1720207e-009	1.563091e-008	1.2871867e-008
125.97656	1.0009386e-010	4.0756429e-009	1.5519132e-008	1.2693291e-008
126.26953	9.8222366e-011	3.9794027e-009	1.5398783e-008	1.2530894e-008
126.5625	9.6417189e-011	3.88296e-009	1.5276703e-008	1.2384646e-008
126.85547	9.468748e-011	3.7876284e-009	1.4988665e-008	1.2232863e-008
127.14844	9.3043441e-011	3.6957406e-009	1.4753673e-008	1.2066342e-008
127.44141	9.1496249e-011	3.607024e-009	1.4608094e-008	1.1876736e-008
127.73438	9.0057961e-011	3.5212089e-009	1.4399951e-008	1.1571304e-008
128.02734	8.8741395e-011	3.4380329e-009	1.4141548e-008	1.1627541e-008
128.32031	8.7559989e-011	3.3572467e-009	1.3905172e-008	1.1677806e-008
128.61328	8.6527642e-011	3.2687572e-009	1.3693555e-008	1.1700588e-008
128.90625	8.565854e-011	3.1828556e-009	1.3493476e-008	1.1695585e-008
129.19922	8.4966967e-011	3.0999687e-009	1.3323863e-008	1.1662693e-008
129.49219	8.4467104e-011	3.0201332e-009	1.3087267e-008	1.1480598e-008
129.78516	8.4172821e-011	2.9433794e-009	1.2874797e-008	1.1254024e-008
130.07813	8.4097472e-011	2.86972e-009	1.2751813e-008	1.1045798e-008
130.37109	8.4253675e-011	2.7984567e-009	1.2634283e-008	1.0808429e-008
130.66406	8.4706443e-011	2.72879e-009	1.2467509e-008	1.0555354e-008
130.95703	8.5439956e-011	2.6611738e-009	1.2300909e-008	1.0327268e-008
131.25	8.64429e-011	2.5956113e-009	1.2107571e-008	1.0080279e-008
131.54297	8.7724407e-011	2.5321122e-009	1.1943889e-008	9.9140787e-009
131.83594	8.9289198e-011	2.4706912e-009	1.1816274e-008	9.7464472e-009
132.12891	9.1141987e-011	2.4113713e-009	1.1677827e-008	9.5365831e-009
132.42188	9.3288492e-011	2.355873e-009	1.1521858e-008	9.2736665e-009
132.71484	9.5726721e-011	2.302926e-009	1.1371771e-008	9.0078252e-009
133.00781	9.8455349e-011	2.2517019e-009	1.1180041e-008	8.6766743e-009
133.30078	1.0147339e-010	2.2020891e-009	1.1018573e-008	8.4361404e-009
133.59375	1.0477356e-010	2.1539887e-009	1.0903026e-008	8.2199949e-009
133.88672	1.0834734e-010	2.1073139e-009	1.0792436e-008	8.047171e-009
134.17969	1.12187e-010	2.0619852e-009	1.0632658e-008	7.8369105e-009
134.47266	1.162795e-010	2.0196395e-009	1.0509078e-008	7.7169912e-009
134.76563	1.20745e-010	1.979541e-009	1.0408423e-008	7.503641e-009
135.05859	1.2566029e-010	1.9404182e-009	1.0317092e-008	7.3518321e-009
135.35156	1.3080823e-010	1.9020815e-009	1.0170149e-008	7.2753919e-009
135.64453	1.3617028e-010	1.8643629e-009	1.0039498e-008	7.1314e-009
135.9375	1.4172824e-010	1.8271132e-009	9.939025e-009	7.1881451e-009
136.23047	1.4746008e-010	1.7902068e-009	9.8385712e-009	7.2512923e-009
136.52344	1.5222426e-010	1.7534369e-009	9.7246175e-009	7.2941799e-009
136.81641	1.4907678e-010	1.7167666e-009	9.6051471e-009	7.3164278e-009
137.10938	1.6064885e-010	1.6810628e-009	9.4797388e-009	7.3179065e-009
137.40234	1.7164423e-010	1.6462273e-009	9.3188748e-009	7.2977758e-009
137.69531	1.7787424e-010	1.6121629e-009	9.1640526e-009	7.1562362e-009
137.98828	1.7575479e-010	1.578781e-009	8.992281e-009	7.0438632e-009
138.28125	1.8952872e-010	1.5460005e-009	8.8058099e-009	6.9817921e-009
138.57422	1.9107636e-010	1.5137476e-009	8.6429262e-009	6.8731912e-009
138.86719	1.9190894e-010	1.4800831e-009	8.5179073e-009	6.829635e-009
139.16016	2.0629523e-010	1.4426889e-009	8.4005269e-009	6.7968084e-009
139.45313	2.0669448e-010	1.405731e-009	8.2583978e-009	6.6933661e-009
139.74609	2.1795548e-010	1.3694007e-009	8.1264976e-009	6.6709587e-009
140.03906	2.2105076e-010	1.333889e-009	7.9941572e-009	6.5415104e-009
140.33203	2.2262601e-010	1.2993943e-009	7.8753129e-009	6.4965445e-009
140.625	2.3484618e-010	1.2660989e-009	7.7903643e-009	6.4617391e-009
140.91797	2.3240687e-010	1.2341815e-009	7.7437365e-009	6.3686164e-009
141.21094	2.4298192e-010	1.2038531e-009	7.7014211e-009	6.3090025e-009
141.50391	2.444819e-010	1.1754606e-009	7.5680405e-009	6.1935219e-009
141.79688	2.4787921e-010	1.1475631e-009	7.4335277e-009	6.0018521e-009
142.08984	2.5594455e-010	1.1202568e-009	7.3153381e-009	5.8456062e-009
142.38281	2.5211447e-010	1.0936466e-009	7.2130139e-009	5.6400494e-009
142.67578	2.6134347e-010	1.067843e-009	7.1103874e-009	5.510704e-009
142.96875	2.5378917e-010	1.0429583e-009	6.9396731e-009	5.3604966e-009
143.26172	2.635952e-010	1.019103e-009	6.7565877e-009	5.2270325e-009
143.55469	2.6486192e-010	9.9638175e-010	6.5855589e-009	5.1091415e-009
143.84766	2.6456412e-010	9.7571743e-010	6.4478879e-009	4.9527588e-009
144.14063	2.7028267e-010	9.5806632e-010	6.3131313e-009	4.7802049e-009
144.43359	2.6360285e-010	9.4179402e-010	6.1389731e-009	4.6447029e-009
144.72656	2.7152169e-010	9.267879e-010	5.9422546e-009	4.5135326e-009
145.01953	2.7106814e-010	9.1291971e-010	5.7573899e-009	4.4085861e-009
145.3125	2.6295182e-010	9.0005287e-010	5.6011538e-009	4.3167294e-009
145.60547	2.686039e-010	8.8803784e-010	5.4533556e-009	4.1944822e-009
145.89844	-1	8.7672529e-010	5.3109445e-009	4.0893787e-009
146.19141	-1	8.6595746e-010	5.1697528e-009	3.9674371e-009
146.48438	-1	8.5534255e-010	5.0395685e-009	3.7849439e-009
146.77734	-1	8.4347124e-010	4.9238795e-009	3.6811957e-009
147.07031	-1	8.3216921e-010	4.8276619e-009	3.572843e-009
147.36328	-1	8.2134634e-010	4.7458908e-009	3.4735334e-009
147.65625	-1	8.109074e-010	4.6636166e-009	3.3906768e-009
147.94922	-1	8.0075817e-010	4.5809105e-009	3.3401021e-009
148.24219	-1	7.9080236e-010	4.5344442e-009	3.2823132e-009
148.53516	-1	7.8094739e-010	4.4874171e-009	3.2185719e-009
148.82813	-1	7.7110547e-010	4.4395455e-009	3.1496936e-009
149.12109	-1	7.6119233e-010	4.3905479e-009	3.0757845e-009
149.41406	-1	7.5058367e-010	4.3401507e-009	3.0034835e-009
149.70703	-1	7.3883781e-010	4.2880929e-009	2.9419585e-009
150	-1	7.2698958e-010	4.2341305e-009	2.879538e-009
150.29297	-1	7.1504689e-010	4.1701587e-009	2.7827506e-009
150.58594	-1	7.0302383e-010	4.0723582e-009	2.7200957e-009
150.87891	-1	6.9094103e-010	4.026736e-009	2.7565797e-009
151.17188	-1	6.7882535e-010	3.9782993e-009	2.6760375e-009
151.46484	-1	6.6670829e-010	3.9220038e-009	2.6619909e-009
151.75781	-1	6.5462658e-010	3.8088947e-009	2.7250351e-009
152.05078	-1	6.4262148e-010	3.6972189e-009	2.6767641e-009
152.34375	-1	6.3073689e-010	3.4194718e-009	2.6341741e-009
152.63672	-1	6.1816688e-010	3.4993654e-009	2.5930359e-009
152.92969	-1	6.058591e-010	3.2877418e-009	2.5343315e-009
153.22266	-1	5.939051e-010	3.3224369e-009	2.4657143e-009
153.51563	-1	5.8237549e-010	3.1622203e-009	2.3956758e-009
153.80859	-1	5.7133782e-010	3.1407863e-009	2.2825231e-009
154.10156	-1	5.6085495e-010	3.0408478e-009	2.2193926e-009
154.39453	-1	5.5098378e-010	2.9396753e-009	2.1838936e-009
154.6875	-1	5.4177559e-010	2.8035964e-009	2.0565295e-009
154.98047	-1	5.3327455e-010	2.753196e-009	1.9683764e-009
155.27344	-1	5.2551713e-010	2.7155594e-009	1.9106152e-009
155.56641	-1	5.1853153e-010	2.6865352e-009	1.8437082e-009
155.85938	-1	5.1171193e-010	2.6599688e-009	1.7816175e-009
156.15234	-1	5.0556903e-010	2.628285e-009	1.7275646e-009
156.44531	-1	5.0017031e-010	2.5999213e-009	1.70364e-009
156.73828	-1	4.9553489e-010	2.5746706e-009	1.6819631e-009
157.03125	-1	4.9167528e-010	2.5464083e-009	1.645539e-009
157.32422	-1	4.8859723e-010	2.51678e-009	1.6129297e-009
157.61719	-1	4.8629964e-010	2.4862473e-009	1.5737547e-009
157.91016	-1	4.8477474e-010	2.4623908e-009	1.5320022e-009
158.20313	-1	4.8400765e-010	2.4486073e-009	1.4929238e-009
158.49609	-1	4.8397691e-010	2.433253e-009	1.4426357e-009
158.78906	-1	4.8465459e-010	2.4159542e-009	1.4133536e-009
159.08203	-1	4.8619591e-010	2.376873e-009	1.3997052e-009
159.375	-1	4.8942437e-010	2.3351279e-009	1.3478464e-009
159.66797	-1	4.9297136e-010	2.2963674e-009	1.2990747e-009
159.96094	-1	4.967375e-010	2.2632641e-009	1.2698175e-009
160.25391	-1	5.0062681e-010	2.2429717e-009	1.2194997e-009
160.54688	-1	5.045477e-010	2.2210024e-009	1.1479336e-009
160.83984	-1	5.0841421e-010	2.1974275e-009	1.0993522e-009
161.13281	-1	5.1214612e-010	2.1732534e-009	1.0654264e-009
161.42578	-1	5.1566989e-010	2.1522686e-009	1.026536e-009
161.71875	-1	5.1891921e-010	2.1344437e-009	9.9578495e-010
162.01172	-1	5.2183543e-010	2.1195617e-009	9.9784579e-010
162.30469	-1	5.2436786e-010	2.1013696e-009	9.9605803e-010
162.59766	-1	5.264749e-010	2.0810347e-009	9.7606383e-010
162.89063	-1	5.2896093e-010	2.0630192e-009	9.6167057e-010
163.18359	-1	5.3203383e-010	2.0472841e-009	9.5560044e-010
163.47656	-1	5.3488436e-010	2.0338882e-009	9.4449151e-010
163.76953	-1	5.3742855e-010	2.0235026e-009	9.3408673e-010
164.0625	-1	5.3958465e-010	2.0158037e-009	9.2504266e-010
164.35547	-1	5.4127409e-010	2.0102792e-009	9.1984122e-010
164.64844	-1	5.42423e-010	1.9999354e-009	9.4241993e-010
164.94141	-1	5.4296161e-010	1.9855112e-009	9.6787413e-010
165.23438	-1	5.4282648e-010	1.9696603e-009	9.6949871e-010
165.52734	-1	5.4196107e-010	1.9521151e-009	9.6963193e-010
165.82031	-1	5.4031646e-010	1.9345403e-009	9.7519309e-010
166.11328	-1	5.3785209e-010	1.917542e-009	9.7390637e-010
166.40625	-1	5.3453632e-010	1.8995865e-009	9.4245152e-010
166.69922	-1	5.3034702e-010	1.8802043e-009	9.1396381e-010
166.99219	-1	5.2367816e-010	1.847912e-009	9.052261e-010
167.28516	-1	5.1623681e-010	1.7956712e-009	8.9541354e-010
167.57813	-1	5.0818817e-010	1.7424656e-009	8.65339e-010
167.87109	-1	4.9958554e-010	1.6891339e-009	8.4243714e-010
168.16406	-1	4.9048583e-010	1.638379e-009	8.3793241e-010
168.45703	-1	4.8094775e-010	1.6062979e-009	8.3187317e-010
168.75	-1	4.7103087e-010	1.5719762e-009	8.2557529e-010
169.04297	-1	4.6079467e-010	1.5351279e-009	8.17849e-010
169.33594	-1	4.5029758e-010	1.4955454e-009	7.9285958e-010
169.62891	-1	4.3959616e-010	1.4459259e-009	7.6585663e-010
169.92188	-1	4.2874426e-010	1.3919004e-009	7.8294565e-010
170.21484	-1	4.1779228e-010	1.3371513e-009	8.009909e-010
170.50781	-1	-1	1.2820684e-009	7.8744344e-010
170.80078	-1	-1	1.2271048e-009	7.7491037e-010
171.09375	-1	-1	1.1709129e-009	7.8955161e-010
171.38672	-1	-1	1.1124462e-009	8.1060725e-010
171.67969	-1	-1	1.0523813e-009	8.0940332e-010
171.97266	-1	-1	9.9143763e-010	7.9559997e-010
172.26563	-1	-1	9.2766441e-010	7.8583603e-010
172.55859	-1	-1	8.6313968e-010	7.7734261e-010
172.85156	-1	-1	8.0053265e-010	7.6415253e-010
173.14453	-1	-1	7.4051725e-010	7.4009408e-010
173.4375	-1	-1	6.8367638e-010	7.1908526e-010
173.73047	-1	-1	6.3981747e-010	7.0843546e-010
174.02344	-1	-1	6.0048638e-010	6.9976472e-010
174.31641	-1	-1	5.6415079e-010	6.9156128e-010
174.60938	-1	-1	5.3064583e-010	6.8437054e-010
174.90234	-1	-1	4.9970366e-010	6.7362773e-010
175.19531	-1	-1	4.6839735e-010	6.5549842e-010
175.48828	-1	-1	4.40024e-010	6.3980397e-010
175.78125	-1	-1	4.1445081e-010	6.1942187e-010
176.07422	-1	-1	3.9153145e-010	5.9765054e-010
176.36719	-1	-1	3.7105197e-010	5.8198958e-010
176.66016	-1	-1	3.5141381e-010	5.7549768e-010
176.95313	-1	-1	3.3300123e-010	5.7247809e-010
177.24609	-1	-1	3.1578522e-010	5.6233107e-010
177.53906	-1	-1	2.997499e-010	5.5253611e-010
177.83203	-1	-1	2.8488946e-010	5.7521513e-010
178.125	-1	-1	2.7526192e-010	6.0671087e-010
178.41797	-1	-1	2.6782821e-010	6.2716543e-010
178.71094	-1	-1	2.6232929e-010	6.2700512e-010
179.00391	-1	-1	2.5865265e-010	6.2605607e-010
179.29688	-1	-1	2.5666586e-010	6.420943e-010
179.58984	-1	-1	2.5519647e-010	6.6050325e-010
179.88281	-1	-1	2.556214e-010	6.7169516e-010
180.17578	-1	-1	2.582619e-010	6.7217292e-010
180.46875	-1	-1	2.6287447e-010	6.7441576e-010
180.76172	-1	-1	2.6920843e-010	6.9057466e-010
181.05469	-1	-1	2.7657798e-010	7.1094938e-010
181.34766	-1	-1	2.838959e-010	7.2982906e-010
181.64063	-1	-1	2.9156496e-010	7.3966071e-010
181.93359	-1	-1	2.9933896e-010	7.4756043e-010
182.22656	-1	-1	3.0697188e-010	7.591443e-010
182.51953	-1	-1	3.1422739e-010	7.736171e-010
182.8125	-1	-1	3.2224966e-010	7.8716213e-010
183.10547	-1	-1	3.3115882e-010	7.8120223e-010
183.39844	-1	-1	3.4057658e-010	7.7473269e-010
183.69141	-1	-1	3.5029192e-010	7.7036286e-010
183.98438	-1	-1	3.600699e-010	7.7023056e-010
184.27734	-1	-1	3.6906511e-010	7.7111362e-010
184.57031	-1	-1	3.7323397e-010	7.7045578e-010
184.86328	-1	-1	3.7764753e-010	7.6878878e-010
185.15625	-1	-1	3.8227917e-010	7.6872067e-010
185.44922	-1	-1	3.8708642e-010	7.5941233e-010
185.74219	-1	-1	3.9200991e-010	7.4525469e-010
186.03516	-1	-1	3.9731177e-010	7.3026065e-010
186.32813	-1	-1	4.0290368e-010	7.2283865e-010
186.62109	-1	-1	4.072819e-010	7.1251286e-010
186.91406	-1	-1	4.1031309e-010	6.986737e-010
187.20703	-1	-1	4.1188822e-010	6.8478647e-010
187.5	-1	-1	-1	6.713769e-010
187.79297	-1	-1	-1	6.5883326e-010
188.08594	-1	-1	-1	6.4669781e-010
188.37891	-1	-1	-1	6.3203236e-010
188.67188	-1	-1	-1	6.1755911e-010
188.96484	-1	-1	-1	6.1149691e-010
189.25781	-1	-1	-1	6.0490963e-010
189.55078	-1	-1	-1	5.941018e-010
189.84375	-1	-1	-1	5.711207e-010
190.13672	-1	-1	-1	5.4657747e-010
190.42969	-1	-1	-1	5.2087251e-010
190.72266	-1	-1	-1	4.9392214e-010
191.01563	-1	-1	-1	4.6569105e-010
191.30859	-1	-1	-1	4.374002e-010
191.60156	-1	-1	-1	4.144443e-010
191.89453	-1	-1	-1	3.9227626e-010
192.1875	-1	-1	-1	3.710281e-010
192.48047	-1	-1	-1	-1
192.77344	-1	-1	-1	-1
193.06641	-1	-1	-1	-1
193.35938	-1	-1	-1	-1
193.65234	-1	-1	-1	-1
193.94531	-1	-1	-1	-1
194.23828	-1	-1	-1	-1
194.53125	-1	-1	-1	-1
194.82422	-1	-1	-1	-1
195.11719	-1	-1	-1	-1
195.41016	-1	-1	-1	-1
195.70313	-1	-1	-1	-1
195.99609	-1	-1	-1	-1
196.28906	-1	-1	-1	-1
196.58203	-1	-1	-1	-1
196.875	-1	-1	-1	-1
197.16797	-1	-1	-1	-1
197.46094	-1	-1	-1	-1
197.75391	-1	-1	-1	-1
198.04688	-1	-1	-1	-1
198.33984	-1	-1	-1	-1
198.63281	-1	-1	-1	-1
198.92578	-1	-1	-1	-1
199.21875	-1	-1	-1	-1
199.51172	-1	-1	-1	-1
199.80469	-1	-1	-1	-1
200.09766	-1	-1	-1	-1
200.39063	-1	-1	-1	-1
200.68359	-1	-1	-1	-1
200.97656	-1	-1	-1	-1
201.26953	-1	-1	-1	-1
201.5625	-1	-1	-1	-1
201.85547	-1	-1	-1	-1
202.14844	-1	-1	-1	-1
202.44141	-1	-1	-1	-1
202.73438	-1	-1	-1	-1
203.02734	-1	-1	-1	-1
203.32031	-1	-1	-1	-1
203.61328	-1	-1	-1	-1
203.90625	-1	-1	-1	-1
204.19922	-1	-1	-1	-1
204.49219	-1	-1	-1	-1
204.78516	-1	-1	-1	-1
205.07813	-1	-1	-1	-1
205.37109	-1	-1	-1	-1
205.66406	-1	-1	-1	-1
205.95703	-1	-1	-1	-1
206.25	-1	-1	-1	-1
206.54297	-1	-1	-1	-1
206.83594	-1	-1	-1	-1
207.12891	-1	-1	-1	-1
207.42188	-1	-1	-1	-1
207.71484	-1	-1	-1	-1
208.00781	-1	-1	-1	-1
208.30078	-1	-1	-1	-1
208.59375	-1	-1	-1	-1
208.88672	-1	-1	-1	-1
209.17969	-1	-1	-1	-1
209.47266	-1	-1	-1	-1
209.76563	-1	-1	-1	-1
210.05859	-1	-1	-1	-1
210.35156	-1	-1	-1	-1
210.64453	-1	-1	-1	-1
210.9375	-1	-1	-1	-1
211.23047	-1	-1	-1	-1
211.52344	-1	-1	-1	-1
211.81641	-1	-1	-1	-1
212.10938	-1	-1	-1	-1
212.40234	-1	-1	-1	-1
212.69531	-1	-1	-1	-1
212.98828	-1	-1	-1	-1
213.28125	-1	-1	-1	-1
213.57422	-1	-1	-1	-1
213.86719	-1	-1	-1	-1
214.16016	-1	-1	-1	-1
214.45313	-1	-1	-1	-1
214.74609	-1	-1	-1	-1
215.03906	-1	-1	-1	-1
215.33203	-1	-1	-1	-1
215.625	-1	-1	-1	-1
215.91797	-1	-1	-1	-1
216.21094	-1	-1	-1	-1
216.50391	-1	-1	-1	-1
216.79688	-1	-1	-1	-1
217.08984	-1	-1	-1	-1
217.38281	-1	-1	-1	-1
217.67578	-1	-1	-1	-1
217.96875	-1	-1	-1	-1
218.26172	-1	-1	-1	-1
218.55469	-1	-1	-1	-1
218.84766	-1	-1	-1	-1
219.14063	-1	-1	-1	-1
219.43359	-1	-1	-1	-1
219.72656	-1	-1	-1	-1
220.01953	-1	-1	-1	-1
220.3125	-1	-1	-1	-1
220.60547	-1	-1	-1	-1
220.89844	-1	-1	-1	-1
221.19141	-1	-1	-1	-1
221.48438	-1	-1	-1	-1
221.77734	-1	-1	-1	-1
222.07031	-1	-1	-1	-1
222.36328	-1	-1	-1	-1
222.65625	-1	-1	-1	-1
222.94922	-1	-1	-1	-1
223.24219	-1	-1	-1	-1
223.53516	-1	-1	-1	-1
223.82813	-1	-1	-1	-1
224.12109	-1	-1	-1	-1
224.41406	-1	-1	-1	-1
224.70703	-1	-1	-1	-1
225	-1	-1	-1	-1
225.29297	-1	-1	-1	-1
225.58594	-1	-1	-1	-1
225.87891	-1	-1	-1	-1
226.17188	-1	-1	-1	-1
226.46484	-1	-1	-1	-1
226.75781	-1	-1	-1	-1
227.05078	-1	-1	-1	-1
227.34375	-1	-1	-1	-1
227.63672	-1	-1	-1	-1
227.92969	-1	-1	-1	-1
228.22266	-1	-1	-1	-1
228.51563	-1	-1	-1	-1
228.80859	-1	-1	-1	-1
229.10156	-1	-1	-1	-1
229.39453	-1	-1	-1	-1
229.6875	-1	-1	-1	-1
229.98047	-1	-1	-1	-1
230.27344	-1	-1	-1	-1
230.56641	-1	-1	-1	-1
230.85938	-1	-1	-1	-1
231.15234	-1	-1	-1	-1
231.44531	-1	-1	-1	-1
231.73828	-1	-1	-1	-1
232.03125	-1	-1	-1	-1
232.32422	-1	-1	-1	-1
232.61719	-1	-1	-1	-1
232.91016	-1	-1	-1	-1
233.20313	-1	-1	-1	-1
233.49609	-1	-1	-1	-1
233.78906	-1	-1	-1	-1
234.08203	-1	-1	-1	-1
234.375	-1	-1	-1	-1
234.66797	-1	-1	-1	-1
234.96094	-1	-1	-1	-1
235.25391	-1	-1	-1	-1
235.54688	-1	-1	-1	-1
235.83984	-1	-1	-1	-1
236.13281	-1	-1	-1	-1
236.42578	-1	-1	-1	-1
236.71875	-1	-1	-1	-1
237.01172	-1	-1	-1	-1
237.30469	-1	-1	-1	-1
237.59766	-1	-1	-1	-1
237.89063	-1	-1	-1	-1
238.18359	-1	-1	-1	-1
238.47656	-1	-1	-1	-1
238.76953	-1	-1	-1	-1
239.0625	-1	-1	-1	-1
239.35547	-1	-1	-1	-1
239.64844	-1	-1	-1	-1
239.94141	-1	-1	-1	-1
240.23438	-1	-1	-1	-1
240.52734	-1	-1	-1	-1
240.82031	-1	-1	-1	-1
241.11328	-1	-1	-1	-1
241.40625	-1	-1	-1	-1
241.69922	-1	-1	-1	-1
241.99219	-1	-1	-1	-1
242.28516	-1	-1	-1	-1
242.57813	-1	-1	-1	-1
242.87109	-1	-1	-1	-1
243.16406	-1	-1	-1	-1
243.45703	-1	-1	-1	-1
243.75	-1	-1	-1	-1
244.04297	-1	-1	-1	-1
244.33594	-1	-1	-1	-1
244.62891	-1	-1	-1	-1
244.92188	-1	-1	-1	-1
245.21484	-1	-1	-1	-1
245.50781	-1	-1	-1	-1
245.80078	-1	-1	-1	-1
246.09375	-1	-1	-1	-1
246.38672	-1	-1	-1	-1
246.67969	-1	-1	-1	-1
246.97266	-1	-1	-1	-1
247.26563	-1	-1	-1	-1
247.55859	-1	-1	-1	-1
247.85156	-1	-1	-1	-1
248.14453	-1	-1	-1	-1
248.4375	-1	-1	-1	-1
248.73047	-1	-1	-1	-1
249.02344	-1	-1	-1	-1
249.31641	-1	-1	-1	-1
249.60938	-1	-1	-1	-1
249.90234	-1	-1	-1	-1
250.19531	-1	-1	-1	-1
250.48828	-1	-1	-1	-1
250.78125	-1	-1	-1	-1
251.07422	-1	-1	-1	-1
251.36719	-1	-1	-1	-1
251.66016	-1	-1	-1	-1
251.95313	-1	-1	-1	-1
252.24609	-1	-1	-1	-1
252.53906	-1	-1	-1	-1
252.83203	-1	-1	-1	-1
253.125	-1	-1	-1	-1
253.41797	-1	-1	-1	-1
253.71094	-1	-1	-1	-1
254.00391	-1	-1	-1	-1
254.29688	-1	-1	-1	-1
254.58984	-1	-1	-1	-1
254.88281	-1	-1	-1	-1
255.17578	-1	-1	-1	-1
255.46875	-1	-1	-1	-1
255.76172	-1	-1	-1	-1
256.05469	-1	-1	-1	-1
256.34766	-1	-1	-1	-1
256.64063	-1	-1	-1	-1
256.93359	-1	-1	-1	-1
257.22656	-1	-1	-1	-1
257.51953	-1	-1	-1	-1
257.8125	-1	-1	-1	-1
258.10547	-1	-1	-1	-1
258.39844	-1	-1	-1	-1
258.69141	-1	-1	-1	-1
258.98438	-1	-1	-1	-1
259.27734	-1	-1	-1	-1
259.57031	-1	-1	-1	-1
259.86328	-1	-1	-1	-1
260.15625	-1	-1	-1	-1
260.44922	-1	-1	-1	-1
260.74219	-1	-1	-1	-1
261.03516	-1	-1	-1	-1
261.32813	-1	-1	-1	-1
261.62109	-1	-1	-1	-1
261.91406	-1	-1	-1	-1
262.20703	-1	-1	-1	-1
262.5	-1	-1	-1	-1
262.79297	-1	-1	-1	-1
263.08594	-1	-1	-1	-1
263.37891	-1	-1	-1	-1
263.67188	-1	-1	-1	-1
263.96484	-1	-1	-1	-1
264.25781	-1	-1	-1	-1
264.55078	-1	-1	-1	-1
264.84375	-1	-1	-1	-1
265.13672	-1	-1	-1	-1
265.42969	-1	-1	-1	-1
265.72266	-1	-1	-1	-1
266.01563	-1	-1	-1	-1
266.30859	-1	-1	-1	-1
266.60156	-1	-1	-1	-1
266.89453	-1	-1	-1	-1
267.1875	-1	-1	-1	-1
267.48047	-1	-1	-1	-1
267.77344	-1	-1	-1	-1
268.06641	-1	-1	-1	-1
268.35938	-1	-1	-1	-1
268.65234	-1	-1	-1	-1
268.94531	-1	-1	-1	-1
269.23828	-1	-1	-1	-1
269.53125	-1	-1	-1	-1
269.82422	-1	-1	-1	-1
270.11719	-1	-1	-1	-1
270.41016	-1	-1	-1	-1
270.70313	-1	-1	-1	-1
270.99609	-1	-1	-1	-1
271.28906	-1	-1	-1	-1
271.58203	-1	-1	-1	-1
271.875	-1	-1	-1	-1
272.16797	-1	-1	-1	-1
272.46094	-1	-1	-1	-1
272.75391	-1	-1	-1	-1
273.04688	-1	-1	-1	-1
273.33984	-1	-1	-1	-1
273.63281	-1	-1	-1	-1
273.92578	-1	-1	-1	-1
274.21875	-1	-1	-1	-1
274.51172	-1	-1	-1	-1
274.80469	-1	-1	-1	-1
275.09766	-1	-1	-1	-1
275.39063	-1	-1	-1	-1
275.68359	-1	-1	-1	-1
275.97656	-1	-1	-1	-1
276.26953	-1	-1	-1	-1
276.5625	-1	-1	-1	-1
276.85547	-1	-1	-1	-1
277.14844	-1	-1	-1	-1
277.44141	-1	-1	-1	-1
277.73438	-1	-1	-1	-1
278.02734	-1	-1	-1	-1
278.32031	-1	-1	-1	-1
278.61328	-1	-1	-1	-1
278.90625	-1	-1	-1	-1
279.19922	-1	-1	-1	-1
279.49219	-1	-1	-1	-1
279.78516	-1	-1	-1	-1
280.07813	-1	-1	-1	-1
280.37109	-1	-1	-1	-1
280.66406	-1	-1	-1	-1
280.95703	-1	-1	-1	-1
281.25	-1	-1	-1	-1
281.54297	-1	-1	-1	-1
281.83594	-1	-1	-1	-1
282.12891	-1	-1	-1	-1
282.42188	-1	-1	-1	-1
282.71484	-1	-1	-1	-1
283.00781	-1	-1	-1	-1
283.30078	-1	-1	-1	-1
283.59375	-1	-1	-1	-1
283.88672	-1	-1	-1	-1
284.17969	-1	-1	-1	-1
284.47266	-1	-1	-1	-1
284.76563	-1	-1	-1	-1
285.05859	-1	-1	-1	-1
285.35156	-1	-1	-1	-1
285.64453	-1	-1	-1	-1
285.9375	-1	-1	-1	-1
286.23047	-1	-1	-1	-1
286.52344	-1	-1	-1	-1
286.81641	-1	-1	-1	-1
287.10938	-1	-1	-1	-1
287.40234	-1	-1	-1	-1
287.69531	-1	-1	-1	-1
287.98828	-1	-1	-1	-1
288.28125	-1	-1	-1	-1
288.57422	-1	-1	-1	-1
288.86719	-1	-1	-1	-1
289.16016	-1	-1	-1	-1
289.45313	-1	-1	-1	-1
289.74609	-1	-1	-1	-1
290.03906	-1	-1	-1	-1
290.33203	-1	-1	-1	-1
290.625	-1	-1	-1	-1
290.91797	-1	-1	-1	-1
291.21094	-1	-1	-1	-1
291.50391	-1	-1	-1	-1
291.79688	-1	-1	-1	-1
292.08984	-1	-1	-1	-1
292.38281	-1	-1	-1	-1
292.67578	-1	-1	-1	-1
292.96875	-1	-1	-1	-1
293.26172	-1	-1	-1	-1
293.55469	-1	-1	-1	-1
293.84766	-1	-1	-1	-1
294.14063	-1	-1	-1	-1
294.43359	-1	-1	-1	-1
294.72656	-1	-1	-1	-1
295.01953	-1	-1	-1	-1
295.3125	-1	-1	-1	-1
295.60547	-1	-1	-1	-1
295.89844	-1	-1	-1	-1
296.19141	-1	-1	-1	-1
296.48438	-1	-1	-1	-1
296.77734	-1	-1	-1	-1
297.07031	-1	-1	-1	-1
297.36328	-1	-1	-1	-1
297.65625	-1	-1	-1	-1
297.94922	-1	-1	-1	-1
298.24219	-1	-1	-1	-1
298.53516	-1	-1	-1	-1
298.82813	-1	-1	-1	-1
299.12109	-1	-1	-1	-1
299.41406	-1	-1	-1	-1
299.70703	-1	-1	-1	-1
300	-1	-1	-1	-1
